0 0.8546875 0.11562500000000009 0.8171875 0.11562500000000009 0.8171875 0.1546875000000001 0.8546875 0.1546875000000001
1 0.6046875 0.29375000000000007 0.5640625 0.29375000000000007 0.5640625 0.32500000000000007 0.6046875 0.32500000000000007
1 0.64375 0.3343750000000001 0.6 0.3343750000000001 0.6 0.3671875000000001 0.64375 0.3671875000000001
1 0.65 0.2921875000000001 0.609375 0.2921875000000001 0.609375 0.3187500000000001 0.65 0.3187500000000001
0 0.24843750000000003 0.3125 0.13437500000000005 0.3125 0.13437500000000005 0.40625 0.2484375000000001 0.40625
1 0.53125 0.3921875000000001 0.4828125 0.3921875000000001 0.4828125 0.43125 0.53125 0.43125
1 0.59375 0.33281250000000007 0.546875 0.33281250000000007 0.546875 0.3656250000000001 0.59375 0.3656250000000001
1 0.640625 0.2640625000000001 0.6015625 0.2640625000000001 0.6015625 0.29375000000000007 0.640625 0.29375000000000007
1 0.61875 0.3703125000000001 0.5671875 0.3703125000000001 0.5671875 0.409375 0.61875 0.409375
1 0.7171875 0.19531250000000008 0.6921875 0.19531250000000008 0.6921875 0.2375000000000001 0.7171875 0.2375000000000001
0 0.14062500000000006 0.21875 0.04687500000000002 0.21875 0.04687500000000003 0.29375 0.14062500000000006 0.29375
0 0.07812500000000003 0.2359375 2.8894010417382865e-17 0.2359375 3.406048910128576e-17 0.3203125 0.07812500000000004 0.3203125
1 0.73125 0.1609375000000001 0.703125 0.1609375000000001 0.703125 0.18125000000000008 0.73125 0.18125000000000008
1 0.6984375 0.2171875000000001 0.6578125 0.2171875000000001 0.6578125 0.2484375000000001 0.6984375 0.2484375000000001
1 0.646875 0.2515625000000001 0.6140625 0.2515625000000001 0.6140625 0.27812500000000007 0.646875 0.27812500000000007
0 0.60625 0.4546875 0.46875 0.4546875 0.46875 0.6046875 0.60625 0.6046875
1 0.7 0.1921875000000001 0.66875 0.1921875000000001 0.66875 0.21250000000000008 0.7 0.21250000000000008
0 0.44375 0.2828125 0.30625 0.2828125 0.30625 0.425 0.44375 0.425
0 0.8796875 0.1437500000000001 0.84375 0.1437500000000001 0.84375 0.17968750000000008 0.8796875 0.17968750000000008
0 0.8921875 0.06718750000000011 0.834375 0.06718750000000011 0.834375 0.12656250000000008 0.8921875 0.12656250000000008
1 0.5921875 0.3890625000000001 0.5234375 0.3890625000000001 0.5234375 0.43125 0.5921875 0.43125
0 0.846875 0.1390625000000001 0.8125 0.1390625000000001 0.8125 0.1671875000000001 0.846875 0.1671875000000001
0 0.73125 0.10000000000000009 0.7 0.10000000000000009 0.7 0.12343750000000009 0.73125 0.12343750000000009