1 0.5296875 0.37968750000000007 0.484375 0.37968750000000007 0.484375 0.4171875 0.5296875 0.4171875
1 0.5921875 0.37187500000000007 0.540625 0.37187500000000007 0.540625 0.4046875 0.5921875 0.4046875
1 0.578125 0.3359375000000001 0.5375 0.3359375000000001 0.5375 0.3687500000000001 0.578125 0.3687500000000001
0 0.31093750000000003 0.2984375 0.16406250000000006 0.2984375 0.16406250000000006 0.4421875 0.3109375000000001 0.4421875
1 0.65625 0.2687500000000001 0.6109375 0.2687500000000001 0.6109375 0.3062500000000001 0.65625 0.3062500000000001
1 0.665625 0.2328125000000001 0.6296875 0.2328125000000001 0.6296875 0.25468750000000007 0.665625 0.25468750000000007
1 0.70625 0.1937500000000001 0.671875 0.1937500000000001 0.671875 0.2156250000000001 0.70625 0.2156250000000001
0 0.44375 0.30468750000000006 0.3140625 0.3046875 0.3140625 0.425 0.44375 0.425
1 0.5921875 0.3140625000000001 0.5515625 0.3140625000000001 0.5515625 0.3531250000000001 0.5921875 0.3531250000000001
0 0.88125 0.1437500000000001 0.84375 0.1437500000000001 0.84375 0.17968750000000008 0.88125 0.17968750000000008
0 0.853125 0.11718750000000008 0.8171875 0.11718750000000008 0.8171875 0.15625000000000008 0.853125 0.15625000000000008
0 0.73125 0.10000000000000009 0.7 0.10000000000000009 0.7 0.12343750000000009 0.73125 0.12343750000000009
1 0.6796875 0.23593750000000008 0.6578125 0.23593750000000008 0.6578125 0.2953125000000001 0.6796875 0.2953125000000001