1 0.5953125 0.2312500000000001 0.565625 0.2312500000000001 0.565625 0.25468750000000007 0.5953125 0.25468750000000007
1 0.584375 0.2906250000000001 0.53125 0.2906250000000001 0.53125 0.32500000000000007 0.584375 0.32500000000000007
1 0.7046875 0.0984375000000001 0.678125 0.0984375000000001 0.678125 0.1140625000000001 0.7046875 0.1140625000000001
1 0.6703125 0.1312500000000001 0.6453125 0.1312500000000001 0.6453125 0.1515625000000001 0.6703125 0.1515625000000001
1 0.5390625 0.3046875000000001 0.4984375 0.3046875000000001 0.4984375 0.3359375000000001 0.5390625 0.3359375000000001
1 0.696875 0.10937500000000008 0.6640625 0.10937500000000008 0.6640625 0.12656250000000008 0.696875 0.12656250000000008
1 0.7265625 0.0906250000000001 0.690625 0.0906250000000001 0.690625 0.10937500000000008 0.7265625 0.10937500000000008
1 0.6140625 0.2156250000000001 0.584375 0.2156250000000001 0.584375 0.2375000000000001 0.6140625 0.2375000000000001
1 0.7140625 0.07343750000000009 0.69375 0.07343750000000009 0.69375 0.0906250000000001 0.7140625 0.0906250000000001
1 0.7 0.11875000000000009 0.6609375 0.11875000000000009 0.6609375 0.14062500000000008 0.7 0.14062500000000008
1 0.6453125 0.2015625000000001 0.6140625 0.2015625000000001 0.6140625 0.2218750000000001 0.6453125 0.2218750000000001
1 0.66875 0.15781250000000008 0.6421875 0.15781250000000008 0.6421875 0.1750000000000001 0.66875 0.1750000000000001
0 0.9609375 0.5968750000000002 0.7734375 0.5968750000000002 0.7734375000000001 0.83125 0.9609375 0.83125
0 0.840625 0.0859375000000001 0.8078125 0.08593750000000008 0.8078125 0.13437500000000008 0.840625 0.13437500000000008
1 0.6765625 0.12500000000000008 0.6546875 0.12500000000000008 0.6546875 0.14062500000000008 0.6765625 0.14062500000000008
1 0.6453125 0.16562500000000008 0.615625 0.16562500000000008 0.615625 0.1843750000000001 0.6453125 0.1843750000000001
0 0.978125 0.042187500000000114 0.9328125 0.042187500000000114 0.9328125 0.08906250000000011 0.978125 0.08906250000000011
0 0.8359375 0.11718750000000008 0.7953125 0.11718750000000008 0.7953125 0.16406250000000008 0.8359375 0.16406250000000008
0 0.80625 0.10000000000000009 0.7546875 0.10000000000000009 0.7546875 0.14218750000000008 0.80625 0.14218750000000008
0 0.2968750000000001 0.4015625 0.18906250000000005 0.4015625 0.18906250000000005 0.5125 0.2968750000000001 0.5125
0 1 0.3187500000000001 0.9609375 0.3187500000000001 0.9609375 0.3812500000000001 1 0.3812500000000001
0 0.675 0.060937500000000075 0.634375 0.06093750000000007 0.634375 0.09843750000000008 0.675 0.0984375000000001
1 0.7390625 0.06875000000000009 0.71875 0.06875000000000009 0.71875 0.0828125000000001 0.7390625 0.0828125000000001
0 0.88125 0.03593750000000011 0.84375 0.0359375000000001 0.84375 0.0718750000000001 0.88125 0.0718750000000001
0 0.9515625 0.009375000000000116 0.91875 0.009375000000000114 0.91875 0.02812500000000011 0.9515625 0.02812500000000011
0 0.81875 0.18125000000000008 0.7859375 0.18125000000000008 0.7859375 0.2171875000000001 0.81875 0.2171875000000001