0 0.8765625 0.6515625000000002 0.7359375 0.6515625000000002 0.7359375000000001 0.809375 0.8765625 0.809375
0 0.4453125 0.4484375 0.2921875000000001 0.4484375 0.2921875000000001 0.603125 0.4453125 0.603125
1 0.546875 0.2656250000000001 0.496875 0.2656250000000001 0.496875 0.3078125000000001 0.546875 0.3078125000000001
1 0.621875 0.18906250000000008 0.5875 0.18906250000000008 0.5875 0.2156250000000001 0.621875 0.2156250000000001
1 0.6390625 0.15625000000000008 0.6125 0.15625000000000008 0.6125 0.17343750000000008 0.6390625 0.17343750000000008
1 0.671875 0.1218750000000001 0.65 0.1218750000000001 0.65 0.1375000000000001 0.671875 0.1375000000000001
1 0.6578125 0.14062500000000008 0.6375 0.14062500000000008 0.6375 0.1531250000000001 0.6578125 0.1531250000000001
1 0.721875 0.06406250000000009 0.70625 0.06406250000000009 0.70625 0.0750000000000001 0.721875 0.0750000000000001
1 0.709375 0.08125000000000009 0.6828125 0.08125000000000009 0.6828125 0.09687500000000009 0.709375 0.09687500000000009
1 0.640625 0.1781250000000001 0.6078125 0.1781250000000001 0.6078125 0.19687500000000008 0.640625 0.19687500000000008
1 0.696875 0.09375000000000008 0.6703125 0.09375000000000008 0.6703125 0.12656250000000008 0.696875 0.12656250000000008