0 0.7984375 0.11093750000000009 0.7609375 0.11093750000000009 0.7609375 0.1437500000000001 0.7984375 0.1437500000000001
1 0.7015625 0.0984375000000001 0.678125 0.0984375000000001 0.678125 0.1140625000000001 0.7015625 0.1140625000000001
1 0.5625 0.3062500000000001 0.5171875 0.3062500000000001 0.5171875 0.3359375000000001 0.5625 0.3359375000000001
0 0.33437500000000003 0.30625 0.221875 0.30625 0.22187500000000004 0.4484375 0.3343750000000001 0.4484375
0 0.840625 0.6515625000000002 0.728125 0.6515625000000002 0.7281250000000001 0.809375 0.840625 0.809375
1 0.653125 0.16406250000000008 0.6265625 0.16406250000000008 0.6265625 0.1843750000000001 0.653125 0.1843750000000001
0 0.6875 0.45 0.5640625 0.45 0.5640625 0.6328125 0.6875 0.6328125
1 0.715625 0.07968750000000009 0.696875 0.07968750000000009 0.696875 0.0906250000000001 0.715625 0.0906250000000001
1 0.6421875 0.1750000000000001 0.609375 0.1750000000000001 0.609375 0.1937500000000001 0.6421875 0.1937500000000001
1 0.675 0.12500000000000008 0.6484375 0.12500000000000008 0.6484375 0.14062500000000008 0.675 0.14062500000000008
0 0.784375 0.09375000000000008 0.746875 0.09375000000000008 0.746875 0.1312500000000001 0.784375 0.1312500000000001
1 0.665625 0.1375000000000001 0.6453125 0.1375000000000001 0.6453125 0.1531250000000001 0.665625 0.1531250000000001
1 0.578125 0.2531250000000001 0.5390625 0.2531250000000001 0.5390625 0.2796875000000001 0.578125 0.2796875000000001
1 0.68125 0.1625000000000001 0.6515625 0.1625000000000001 0.6515625 0.1828125000000001 0.68125 0.1828125000000001
0 0.80625 0.09687500000000009 0.778125 0.09687500000000009 0.778125 0.1312500000000001 0.80625 0.1312500000000001
1 0.6328125 0.2171875000000001 0.5953125 0.2171875000000001 0.5953125 0.2390625000000001 0.6328125 0.2390625000000001
0 0.9765625 0.043750000000000115 0.9328125 0.04375000000000011 0.9328125 0.08906250000000011 0.9765625 0.08906250000000011
0 0.840625 0.0875000000000001 0.809375 0.08750000000000009 0.809375 0.13437500000000008 0.840625 0.13437500000000008
0 0.8359375 0.1218750000000001 0.7953125 0.1218750000000001 0.7953125 0.16406250000000008 0.8359375 0.16406250000000008
1 0.6359375 0.1921875000000001 0.5953125 0.1921875000000001 0.5953125 0.2156250000000001 0.6359375 0.2156250000000001
1 0.590625 0.23593750000000008 0.553125 0.23593750000000008 0.553125 0.2593750000000001 0.590625 0.2593750000000001
1 0.6234375 0.22812500000000008 0.58125 0.22812500000000008 0.58125 0.2515625000000001 0.6234375 0.2515625000000001
0 0.9921875 0.7015625000000002 0.8390625 0.7015625000000002 0.8390625 0.8859375 0.9921875 0.8859375
0 0.821875 0.1546875000000001 0.7859375 0.1546875000000001 0.7859375 0.18750000000000008 0.821875 0.18750000000000008
0 1 0.3156250000000001 0.959375 0.3156250000000001 0.959375 0.3828125000000001 1 0.3828125000000001
1 0.5625 0.2718750000000001 0.5140625 0.2718750000000001 0.5140625 0.2968750000000001 0.5625 0.2968750000000001
1 0.7078125 0.11718750000000008 0.6796875 0.11718750000000008 0.6796875 0.13437500000000008 0.7078125 0.13437500000000008
0 0.81875 0.18125000000000008 0.784375 0.18125000000000008 0.784375 0.2171875000000001 0.81875 0.2171875000000001
0 0.8796875 0.03593750000000011 0.8421875 0.0359375000000001 0.8421875 0.0718750000000001 0.8796875 0.0718750000000001