1 0.61875 0.2406250000000001 0.58125 0.2406250000000001 0.58125 0.2718750000000001 0.61875 0.2718750000000001
0 0.32343750000000004 0.31875 0.2265625 0.31875 0.22656250000000006 0.40625 0.3234375000000001 0.40625
1 0.4875 0.3890625000000001 0.4296875 0.3890625000000001 0.4296875 0.434375 0.4875 0.434375
1 0.609375 0.2156250000000001 0.5765625 0.2156250000000001 0.5765625 0.2375000000000001 0.609375 0.2375000000000001
1 0.625 0.19687500000000008 0.590625 0.19687500000000008 0.590625 0.22031250000000008 0.625 0.22031250000000008
1 0.54375 0.3734375000000001 0.490625 0.3734375000000001 0.490625 0.41875 0.54375 0.41875
0 0.09218750000000003 0.2703125 3.3103733789451887e-17 0.2703125 4.228858478305704e-17 0.4203125 0.09218750000000005 0.4203125
1 0.721875 0.06562500000000009 0.7046875 0.06562500000000009 0.7046875 0.07812500000000008 0.721875 0.07812500000000008
1 0.7140625 0.08750000000000009 0.6890625 0.08750000000000009 0.6890625 0.10000000000000009 0.7140625 0.10000000000000009
0 0.84375 0.6531250000000001 0.7078125 0.653125 0.7078125000000001 0.8140625 0.84375 0.8140625
1 0.5328125 0.3046875000000001 0.49375 0.3046875000000001 0.49375 0.3390625000000001 0.5328125 0.3390625000000001
1 0.55625 0.2656250000000001 0.509375 0.2656250000000001 0.509375 0.2921875000000001 0.55625 0.2921875000000001
1 0.65625 0.15625000000000008 0.6296875 0.15625000000000008 0.6296875 0.1750000000000001 0.65625 0.1750000000000001
0 0.32500000000000007 0.38125 0.22031250000000008 0.38125 0.22031250000000008 0.4515625 0.32500000000000007 0.4515625
0 0.978125 0.043750000000000115 0.9328125 0.04375000000000011 0.9328125 0.08906250000000011 0.978125 0.08906250000000011
0 0.9984375 0.3140625000000001 0.9578125 0.3140625000000001 0.9578125 0.3828125000000001 0.9984375 0.3828125000000001
0 0.05156250000000003 0.25625 0.0015625000000000313 0.25625 0.001562500000000034 0.303125 0.051562500000000046 0.303125
0 0.7859375 0.10937500000000008 0.7578125 0.10937500000000008 0.7578125 0.1375000000000001 0.7859375 0.1375000000000001
0 0.671875 0.04843750000000008 0.628125 0.04843750000000008 0.628125 0.09375000000000008 0.671875 0.09375000000000008
0 0.825 0.14218750000000008 0.8015625 0.14218750000000008 0.8015625 0.1828125000000001 0.825 0.1828125000000001
0 0.8796875 0.03593750000000011 0.8421875 0.0359375000000001 0.8421875 0.0718750000000001 0.8796875 0.0718750000000001
0 0.9515625 0.009375000000000116 0.91875 0.009375000000000114 0.91875 0.02812500000000011 0.9515625 0.02812500000000011