1 0.5828125 0.2515625000000001 0.540625 0.2515625000000001 0.540625 0.2750000000000001 0.5828125 0.2750000000000001
1 0.5546875 0.2656250000000001 0.5140625 0.2656250000000001 0.5140625 0.29375000000000007 0.5546875 0.29375000000000007
0 0.675 0.06250000000000008 0.646875 0.06250000000000008 0.646875 0.09375000000000008 0.675 0.09375000000000008
1 0.6140625 0.1921875000000001 0.590625 0.1921875000000001 0.590625 0.2078125000000001 0.6140625 0.2078125000000001
1 0.5859375 0.2171875000000001 0.5515625 0.2171875000000001 0.5515625 0.24218750000000008 0.5859375 0.24218750000000008
1 0.6359375 0.1671875000000001 0.6078125 0.1671875000000001 0.6078125 0.1859375000000001 0.6359375 0.1859375000000001
0 0.978125 0.043750000000000115 0.9328125 0.04375000000000011 0.9328125 0.0875000000000001 0.978125 0.0875000000000001
1 0.6625 0.1281250000000001 0.640625 0.1281250000000001 0.640625 0.14218750000000008 0.6625 0.14218750000000008
0 0.6578125 0.07031250000000008 0.628125 0.07031250000000007 0.628125 0.09687500000000007 0.6578125 0.09687500000000009
0 0.9515625 0.009375000000000116 0.91875 0.009375000000000114 0.91875 0.02812500000000011 0.9515625 0.02812500000000011
0 0.815625 0.08125000000000009 0.78125 0.08125000000000009 0.78125 0.12500000000000008 0.815625 0.12500000000000008
0 0.8015625 0.1296875000000001 0.76875 0.1296875000000001 0.76875 0.1593750000000001 0.8015625 0.1593750000000001
1 0.7046875 0.08437500000000009 0.684375 0.08437500000000009 0.684375 0.0984375000000001 0.7046875 0.0984375000000001
0 0.7875 0.06406250000000009 0.75625 0.06406250000000009 0.75625 0.09375000000000008 0.7875 0.09375000000000008
1 0.6984375 0.12031250000000009 0.675 0.12031250000000009 0.675 0.1390625000000001 0.6984375 0.1390625000000001
0 0.778125 0.10156250000000008 0.74375 0.10156250000000008 0.74375 0.1359375000000001 0.778125 0.1359375000000001
1 0.6921875 0.1296875000000001 0.6625 0.1296875000000001 0.6625 0.1453125000000001 0.6921875 0.1453125000000001
0 0.80625 0.1140625000000001 0.771875 0.1140625000000001 0.771875 0.1437500000000001 0.80625 0.1437500000000001
1 0.725 0.06562500000000009 0.70625 0.06562500000000009 0.70625 0.07656250000000009 0.725 0.07656250000000009
1 0.66875 0.1375000000000001 0.6375 0.1375000000000001 0.6375 0.15625000000000008 0.66875 0.15625000000000008
1 0.6921875 0.10156250000000008 0.6609375 0.10156250000000008 0.6609375 0.11718750000000008 0.6921875 0.11718750000000008
0 0.784375 0.08750000000000009 0.753125 0.08750000000000009 0.753125 0.11718750000000008 0.784375 0.11718750000000008
0 0.8140625 0.06875000000000009 0.7828125 0.06875000000000009 0.7828125 0.09531250000000009 0.8140625 0.09531250000000009
0 0.9984375 0.3140625000000001 0.959375 0.3140625000000001 0.959375 0.3812500000000001 0.9984375 0.3812500000000001
0 0.38750000000000007 0.434375 0.25468750000000007 0.434375 0.25468750000000007 0.5640625 0.38750000000000007 0.5640625
0 0.81875 0.0593750000000001 0.7984375 0.05937500000000009 0.7984375 0.0812500000000001 0.81875 0.08125000000000011