0 0.26093750000000004 0.315625 0.14687500000000003 0.315625 0.14687500000000003 0.4140625 0.2609375000000001 0.4140625
0 0.38593750000000004 0.28906250000000006 0.26875 0.2890625 0.26875000000000004 0.4171875 0.3859375000000001 0.4171875
1 0.625 0.3671875000000001 0.5734375 0.3671875000000001 0.5734375 0.4 0.625 0.4
1 0.7171875 0.2218750000000001 0.6875 0.2218750000000001 0.6875 0.2453125000000001 0.7171875 0.2453125000000001
0 1 0.6156250000000002 0.925 0.6156250000000002 0.925 0.8328125 1 0.8328125
1 0.6859375 0.25468750000000007 0.653125 0.25468750000000007 0.653125 0.2812500000000001 0.6859375 0.2812500000000001
1 0.6484375 0.2609375000000001 0.603125 0.2609375000000001 0.603125 0.2906250000000001 0.6484375 0.2906250000000001
0 0.7359375 0.5015625000000001 0.59375 0.5015625 0.59375 0.6156250000000001 0.7359375 0.6156250000000002
1 0.578125 0.3156250000000001 0.5375 0.3156250000000001 0.5375 0.3531250000000001 0.578125 0.3531250000000001
1 0.6703125 0.22812500000000008 0.6453125 0.22812500000000008 0.6453125 0.25468750000000007 0.6703125 0.25468750000000007
1 0.6640625 0.2921875000000001 0.6296875 0.2921875000000001 0.6296875 0.3125000000000001 0.6640625 0.3125000000000001