0 0.24843750000000003 0.3125 0.13437500000000005 0.3125 0.13437500000000005 0.40625 0.2484375000000001 0.40625
1 0.6671875 0.27031250000000007 0.628125 0.27031250000000007 0.628125 0.29375000000000007 0.6671875 0.29375000000000007
1 0.6265625 0.2734375000000001 0.5859375 0.2734375000000001 0.5859375 0.3000000000000001 0.6265625 0.3000000000000001
1 0.6296875 0.3031250000000001 0.5828125 0.3031250000000001 0.5828125 0.3437500000000001 0.6296875 0.3437500000000001
1 0.6578125 0.2468750000000001 0.621875 0.2468750000000001 0.621875 0.2734375000000001 0.6578125 0.2734375000000001
1 0.6609375 0.23437500000000008 0.6296875 0.23437500000000008 0.6296875 0.2593750000000001 0.6609375 0.2593750000000001
0 0.6046875 0.4546875 0.46875 0.4546875 0.46875 0.6015625 0.6046875 0.6015625
0 0.06718750000000004 0.2421875 0.0015625000000000298 0.2421875 0.001562500000000035 0.328125 0.06718750000000004 0.328125
1 0.6625 0.2906250000000001 0.6265625 0.2906250000000001 0.6265625 0.3218750000000001 0.6625 0.3218750000000001
0 0.12968750000000004 0.2203125 0.03906250000000002 0.2203125 0.03906250000000003 0.296875 0.12968750000000004 0.296875
1 0.5625 0.3609375000000001 0.515625 0.3609375000000001 0.515625 0.3968750000000001 0.5625 0.3968750000000001
1 0.7078125 0.2062500000000001 0.6703125 0.2062500000000001 0.6703125 0.23437500000000008 0.7078125 0.23437500000000008
1 0.6046875 0.403125 0.540625 0.403125 0.540625 0.44375 0.6046875 0.44375
1 0.5328125 0.3187500000000001 0.4984375 0.3187500000000001 0.4984375 0.3531250000000001 0.5328125 0.3531250000000001
0 0.44375 0.28906250000000006 0.3171875 0.2890625 0.31718750000000007 0.4265625 0.44375 0.4265625
1 0.7109375 0.18125000000000008 0.6796875 0.18125000000000008 0.6796875 0.2000000000000001 0.7109375 0.2000000000000001
0 0.7796875 0.4859375000000001 0.6734375 0.4859375 0.6734375 0.5953125000000001 0.7796875 0.5953125000000001
1 0.7390625 0.1546875000000001 0.7109375 0.1546875000000001 0.7109375 0.17187500000000008 0.7390625 0.17187500000000008