1 0.7515625 0.13437500000000008 0.728125 0.13437500000000008 0.728125 0.15000000000000008 0.7515625 0.15000000000000008
1 0.7421875 0.1453125000000001 0.709375 0.1453125000000001 0.709375 0.16406250000000008 0.7421875 0.16406250000000008
0 0.2671875 0.3234375 0.15312500000000004 0.3234375 0.15312500000000004 0.421875 0.2671875000000001 0.421875
1 0.759375 0.16562500000000008 0.7375 0.16562500000000008 0.7375 0.1843750000000001 0.759375 0.1843750000000001
1 0.7421875 0.1703125000000001 0.7140625 0.1703125000000001 0.7140625 0.18906250000000008 0.7421875 0.18906250000000008
0 0.421875 0.35468750000000004 0.3234375 0.3546875 0.32343750000000004 0.428125 0.421875 0.428125
0 0.7265625 0.5078125000000001 0.6296875 0.5078125 0.6296875 0.6015625000000001 0.7265625 0.6015625000000002
1 0.665625 0.2375000000000001 0.6296875 0.2375000000000001 0.6296875 0.2640625000000001 0.665625 0.2640625000000001
1 0.6015625 0.3125000000000001 0.5640625 0.3125000000000001 0.5640625 0.3468750000000001 0.6015625 0.3468750000000001
1 0.428125 0.30937500000000007 0.378125 0.30937500000000007 0.378125 0.3546875000000001 0.428125 0.3546875000000001
1 0.7328125 0.10312500000000009 0.70625 0.10312500000000009 0.70625 0.1140625000000001 0.7328125 0.1140625000000001
1 0.5625 0.3531250000000001 0.5171875 0.3531250000000001 0.5171875 0.3921875000000001 0.5625 0.3921875000000001
0 1 0.4968750000000002 0.9046875 0.4968750000000002 0.9046875 0.6703125000000002 1 0.6703125000000002
0 1 0.6265625000000001 0.8765625 0.6265625000000001 0.8765625 0.8125 1 0.8125