1 0.765625 0.13281250000000008 0.73125 0.13281250000000008 0.73125 0.1781250000000001 0.765625 0.1781250000000001
1 0.6703125 0.2468750000000001 0.6234375 0.2468750000000001 0.6234375 0.3109375000000001 0.6703125 0.3109375000000001
1 0.6109375 0.2312500000000001 0.5625 0.2312500000000001 0.5625 0.3031250000000001 0.6109375 0.3031250000000001
0 0.23125000000000004 0.24375 0.10781250000000005 0.24375 0.10781250000000005 0.3984375 0.2312500000000001 0.3984375
0 0.08750000000000004 0.2390625 0.0015625000000000291 0.2390625 0.001562500000000034 0.315625 0.08750000000000005 0.315625
0 0.509375 0.4328125 0.4046875 0.4328125 0.4046875 0.5546875 0.509375 0.5546875
0 0.9609375 0.6546875000000002 0.8109375 0.6546875000000002 0.8109375 0.7718750000000002 0.9609375 0.7718750000000002
0 0.578125 0.4578125 0.4765625 0.4578125 0.4765625 0.584375 0.578125 0.584375
1 0.546875 0.3421875000000001 0.484375 0.3421875000000001 0.484375 0.3828125000000001 0.546875 0.3828125000000001
1 0.69375 0.16406250000000008 0.6625 0.16406250000000008 0.6625 0.1921875000000001 0.69375 0.1921875000000001
1 0.70625 0.1609375000000001 0.6828125 0.1609375000000001 0.6828125 0.17968750000000008 0.70625 0.17968750000000008
1 0.728125 0.19687500000000008 0.6875 0.19687500000000008 0.6875 0.22031250000000008 0.728125 0.22031250000000008
0 0.796875 0.5125000000000001 0.6234375 0.5125 0.6234375 0.6296875000000001 0.796875 0.6296875000000002
1 0.61875 0.3281250000000001 0.5625 0.3281250000000001 0.5625 0.3734375000000001 0.61875 0.3734375000000001
1 0.6734375 0.20468750000000008 0.6375 0.20468750000000008 0.6375 0.2328125000000001 0.6734375 0.2328125000000001
1 0.734375 0.12500000000000008 0.7109375 0.12500000000000008 0.7109375 0.14843750000000008 0.734375 0.14843750000000008