0 0.8046875 0.6125 0.70625 0.6125 0.70625 0.7828125000000001 0.8046875 0.7828125000000001
0 0.11093750000000005 0.328125 4.0183723097022526e-17 0.328125 4.649830815512607e-17 0.43125 0.11093750000000005 0.43125
0 1 0.6578125000000001 0.8609375 0.6578125000000001 0.8609375 0.8546875 1 0.8546875
1 0.70625 0.09218750000000009 0.6796875 0.09218750000000009 0.6796875 0.11093750000000009 0.70625 0.11093750000000009
1 0.6625 0.1546875000000001 0.6359375 0.1546875000000001 0.6359375 0.17187500000000008 0.6625 0.17187500000000008
1 0.65 0.16406250000000008 0.61875 0.16406250000000008 0.61875 0.18125000000000008 0.65 0.18125000000000008
1 0.690625 0.1531250000000001 0.6609375 0.1531250000000001 0.6609375 0.17187500000000008 0.690625 0.17187500000000008
1 0.5796875 0.2812500000000001 0.5390625 0.2812500000000001 0.5390625 0.30937500000000007 0.5796875 0.30937500000000007
1 0.59375 0.23593750000000008 0.5578125 0.23593750000000008 0.5578125 0.2578125000000001 0.59375 0.2578125000000001
1 0.540625 0.3031250000000001 0.4953125 0.3031250000000001 0.4953125 0.3296875000000001 0.540625 0.3296875000000001
1 0.6796875 0.11875000000000009 0.6546875 0.11875000000000009 0.6546875 0.13437500000000008 0.6796875 0.13437500000000008
0 0.478125 0.4453125 0.3265625000000001 0.4453125 0.3265625000000001 0.6234375 0.478125 0.6234375
1 0.6046875 0.2171875000000001 0.56875 0.2171875000000001 0.56875 0.2390625000000001 0.6046875 0.2390625000000001
1 0.64375 0.20312500000000008 0.6078125 0.20312500000000008 0.6078125 0.2250000000000001 0.64375 0.2250000000000001
1 0.709375 0.11093750000000009 0.6828125 0.11093750000000009 0.6828125 0.12656250000000008 0.709375 0.12656250000000008
1 0.521875 0.3828125000000001 0.471875 0.3828125000000001 0.471875 0.41875 0.521875 0.41875
1 0.64375 0.17968750000000008 0.6 0.17968750000000008 0.6 0.20468750000000008 0.64375 0.20468750000000008
1 0.671875 0.1296875000000001 0.6515625 0.1296875000000001 0.6515625 0.1453125000000001 0.671875 0.1453125000000001
1 0.634375 0.21250000000000008 0.5953125 0.21250000000000008 0.5953125 0.23437500000000008 0.634375 0.23437500000000008
1 0.71875 0.07343750000000009 0.7015625 0.07343750000000009 0.7015625 0.08593750000000008 0.71875 0.08593750000000008
1 0.5765625 0.2500000000000001 0.5328125 0.2500000000000001 0.5328125 0.2750000000000001 0.5765625 0.2750000000000001
0 0.978125 0.043750000000000115 0.9328125 0.04375000000000011 0.9328125 0.0875000000000001 0.978125 0.0875000000000001
0 0.815625 0.057812500000000086 0.78125 0.057812500000000086 0.78125 0.12031250000000009 0.815625 0.12031250000000009
0 0.840625 0.0812500000000001 0.8078125 0.08125000000000009 0.8078125 0.13281250000000008 0.840625 0.13281250000000008
1 0.6921875 0.10156250000000008 0.6796875 0.10156250000000008 0.6796875 0.12031250000000009 0.6921875 0.12031250000000009
0 0.8359375 0.11875000000000009 0.7953125 0.11875000000000009 0.7953125 0.16406250000000008 0.8359375 0.16406250000000008
0 0.8796875 0.0375000000000001 0.84375 0.0375000000000001 0.84375 0.0718750000000001 0.8796875 0.0718750000000001
0 0.7984375 0.10468750000000009 0.7609375 0.10468750000000009 0.7609375 0.15625000000000008 0.7984375 0.15625000000000008