0 0.5046875 0.24375000000000008 0.3796875 0.24375000000000008 0.3796875 0.34843750000000007 0.5046875 0.34843750000000007
0 0.409375 0.39531250000000007 0.2500000000000001 0.3953125 0.2500000000000001 0.528125 0.409375 0.528125
0 0.35000000000000003 0.3015625 0.240625 0.3015625 0.24062500000000003 0.4046875 0.3500000000000001 0.4046875
1 0.384375 0.03281250000000004 0.3375 0.03281250000000004 0.3375 0.051562500000000046 0.384375 0.051562500000000046
1 0.359375 0.020312500000000042 0.3203125 0.02031250000000004 0.3203125 0.03750000000000005 0.359375 0.03750000000000005
1 0.4125 0.05312500000000005 0.375 0.05312500000000005 0.375 0.07031250000000004 0.4125 0.07031250000000004
1 0.3078125 0.004687500000000035 0.275 0.004687500000000034 0.275 0.023437500000000035 0.3078125 0.023437500000000038
1 0.4171875 0.06718750000000004 0.378125 0.06718750000000004 0.378125 0.08125000000000004 0.4171875 0.08125000000000004
1 0.3453125 0.007812500000000038 0.3046875 0.007812500000000036 0.3046875 0.02812500000000004 0.3453125 0.028125000000000046
1 0.284375 0.271875 0.2453125 0.271875 0.2453125 0.3171875 0.284375 0.3171875
0 0.60625 0.2062500000000001 0.50625 0.2062500000000001 0.50625 0.3031250000000001 0.60625 0.3031250000000001
1 0.56875 0.13593750000000007 0.5390625 0.13593750000000004 0.5390625 0.17187500000000006 0.56875 0.17187500000000008