1 0.740625 0.1625000000000001 0.7046875 0.1625000000000001 0.7046875 0.21093750000000008 0.740625 0.21093750000000008
1 0.796875 0.09531250000000009 0.76875 0.09531250000000009 0.76875 0.13281250000000008 0.796875 0.13281250000000008
1 0.6953125 0.15000000000000008 0.659375 0.15000000000000008 0.659375 0.20312500000000008 0.6953125 0.20312500000000008
0 0.503125 0.4453125 0.4078125 0.4453125 0.4078125 0.565625 0.503125 0.565625
1 0.625 0.3593750000000001 0.58125 0.3593750000000001 0.58125 0.4 0.625 0.4
1 0.621875 0.2515625000000001 0.58125 0.2515625000000001 0.58125 0.2812500000000001 0.621875 0.2812500000000001
0 0.746875 0.4953125000000001 0.640625 0.4953125 0.640625 0.5953125000000001 0.746875 0.5953125000000001
0 0.10312500000000005 0.2484375 3.042481891631706e-17 0.2484375 3.530427100666979e-17 0.328125 0.10312500000000005 0.328125
1 0.6453125 0.32500000000000007 0.5953125 0.32500000000000007 0.5953125 0.36406250000000007 0.6453125 0.36406250000000007
1 0.6328125 0.24375000000000008 0.596875 0.24375000000000008 0.596875 0.2687500000000001 0.6328125 0.2687500000000001
1 0.56875 0.3125000000000001 0.528125 0.3125000000000001 0.528125 0.3453125000000001 0.56875 0.3453125000000001
0 0.38281250000000006 0.35937500000000006 0.3 0.359375 0.30000000000000004 0.4203125 0.3828125000000001 0.4203125
1 0.7671875 0.09531250000000009 0.746875 0.09531250000000009 0.746875 0.11093750000000009 0.7671875 0.11093750000000009
1 0.5890625 0.3859375000000001 0.5484375 0.3859375000000001 0.5484375 0.4265625 0.5890625 0.4265625
1 0.6609375 0.22031250000000008 0.6171875 0.22031250000000008 0.6171875 0.24375000000000008 0.6609375 0.24375000000000008
1 0.5296875 0.3468750000000001 0.4671875 0.3468750000000001 0.4671875 0.39531250000000007 0.5296875 0.39531250000000007
1 0.5859375 0.2718750000000001 0.5546875 0.2718750000000001 0.5546875 0.3109375000000001 0.5859375 0.3109375000000001
1 0.7484375 0.1140625000000001 0.715625 0.1140625000000001 0.715625 0.1375000000000001 0.7484375 0.1375000000000001