1 0.7046875 0.21875000000000008 0.671875 0.21875000000000008 0.671875 0.2406250000000001 0.7046875 0.2406250000000001
0 0.7359375 0.5265625 0.6078125 0.5265625 0.6078125 0.6656250000000001 0.7359375 0.6656250000000001
0 0.39843750000000006 0.34843750000000007 0.3 0.3484375 0.30000000000000004 0.421875 0.3984375000000001 0.421875
1 0.7265625 0.21093750000000008 0.7 0.21093750000000008 0.7 0.23437500000000008 0.7265625 0.23437500000000008
0 0.20000000000000004 0.290625 0.08750000000000005 0.290625 0.08750000000000005 0.38125 0.2000000000000001 0.38125
1 0.590625 0.3234375000000001 0.546875 0.3234375000000001 0.546875 0.3593750000000001 0.590625 0.3593750000000001
0 0.871875 0.06562500000000011 0.8375 0.06562500000000011 0.8375 0.0953125000000001 0.871875 0.0953125000000001
0 0.9984375 0.5953125000000001 0.8921875 0.5953125000000001 0.8921875 0.8265625 0.9984375 0.8265625
1 0.7234375 0.1671875000000001 0.703125 0.1671875000000001 0.703125 0.1843750000000001 0.7234375 0.1843750000000001
0 0.871875 0.0640625000000001 0.81875 0.0640625000000001 0.81875 0.1515625000000001 0.871875 0.1515625000000001
1 0.7046875 0.1843750000000001 0.6703125 0.1843750000000001 0.6703125 0.2062500000000001 0.7046875 0.2062500000000001
1 0.709375 0.1703125000000001 0.690625 0.1703125000000001 0.690625 0.19531250000000008 0.709375 0.19531250000000008