1 0.5875 0.4046875 0.53125 0.4046875 0.53125 0.446875 0.5875 0.446875
0 0.996875 0.6312500000000002 0.88125 0.6312500000000002 0.88125 0.8265625 0.996875 0.8265625
0 1 0.5562500000000001 0.921875 0.5562500000000001 0.921875 0.6875000000000002 1 0.6875000000000002
1 0.5703125 0.3500000000000001 0.5296875 0.3500000000000001 0.5296875 0.38750000000000007 0.5703125 0.38750000000000007
1 0.6421875 0.2640625000000001 0.6046875 0.2640625000000001 0.6046875 0.2906250000000001 0.6421875 0.2906250000000001
1 0.75 0.17968750000000008 0.7265625 0.17968750000000008 0.7265625 0.2000000000000001 0.75 0.2000000000000001
0 0.8734375 0.06250000000000011 0.8375 0.06250000000000011 0.8375 0.09687500000000011 0.8734375 0.09687500000000011
1 0.73125 0.1859375000000001 0.7015625 0.1859375000000001 0.7015625 0.20312500000000008 0.73125 0.20312500000000008
0 0.10000000000000005 0.25 3.061616997868383e-17 0.25 3.559129760021995e-17 0.33125 0.10000000000000005 0.33125
1 0.74375 0.1437500000000001 0.715625 0.1437500000000001 0.715625 0.1609375000000001 0.74375 0.1609375000000001
0 0.23125000000000004 0.3046875 0.11718750000000004 0.3046875 0.11718750000000004 0.3984375 0.2312500000000001 0.3984375
1 0.73125 0.15625000000000008 0.696875 0.15625000000000008 0.696875 0.1750000000000001 0.73125 0.1750000000000001
0 0.71875 0.503125 0.6140625 0.503125 0.6140625 0.6015625 0.71875 0.6015625
0 0.540625 0.44375 0.4234375 0.44375 0.4234375 0.56875 0.540625 0.56875