1 0.6578125 0.2875000000000001 0.6171875 0.2875000000000001 0.6171875 0.3203125000000001 0.6578125 0.3203125000000001
1 0.621875 0.2968750000000001 0.5796875 0.2968750000000001 0.5796875 0.3281250000000001 0.621875 0.3281250000000001
0 0.4265625 0.38750000000000007 0.30156250000000007 0.3875 0.30156250000000007 0.5046875 0.4265625 0.5046875
1 0.65 0.23593750000000008 0.6125 0.23593750000000008 0.6125 0.2609375000000001 0.65 0.2609375000000001
1 0.56875 0.3578125000000001 0.51875 0.3578125000000001 0.51875 0.40625 0.56875 0.40625
0 0.8546875 0.11718750000000008 0.81875 0.11718750000000008 0.81875 0.1531250000000001 0.8546875 0.1531250000000001
0 0.890625 0.0875000000000001 0.8390625 0.0875000000000001 0.8390625 0.1296875000000001 0.890625 0.1296875000000001
0 0.7453125 0.07656250000000009 0.7078125 0.07656250000000009 0.7078125 0.11250000000000009 0.7453125 0.11250000000000009
1 0.775 0.11250000000000009 0.75625 0.11250000000000009 0.75625 0.12656250000000008 0.775 0.12656250000000008
1 0.725 0.16406250000000008 0.7 0.16406250000000008 0.7 0.18125000000000008 0.725 0.18125000000000008
1 0.690625 0.20468750000000008 0.6578125 0.20468750000000008 0.6578125 0.22656250000000008 0.690625 0.22656250000000008
0 0.89375 0.1218750000000001 0.8546875 0.1218750000000001 0.8546875 0.1625000000000001 0.89375 0.1625000000000001
1 0.5921875 0.3390625000000001 0.5515625 0.3390625000000001 0.5515625 0.3734375000000001 0.5921875 0.3734375000000001
1 0.721875 0.18125000000000008 0.69375 0.18125000000000008 0.69375 0.1984375000000001 0.721875 0.1984375000000001
1 0.7765625 0.12500000000000008 0.75 0.12500000000000008 0.75 0.14062500000000008 0.7765625 0.14062500000000008
1 0.70625 0.1906250000000001 0.6734375 0.1906250000000001 0.6734375 0.2093750000000001 0.70625 0.2093750000000001
1 0.74375 0.1546875000000001 0.715625 0.1546875000000001 0.715625 0.17187500000000008 0.74375 0.17187500000000008
0 0.9984375 0.5875000000000001 0.8609375 0.5875000000000001 0.8609375 0.809375 0.9984375 0.809375
1 0.8078125 0.08437500000000009 0.7828125 0.08437500000000009 0.7828125 0.10000000000000009 0.8078125 0.10000000000000009
0 0.11718750000000004 0.246875 0.007812500000000031 0.246875 0.007812500000000038 0.3515625 0.11718750000000004 0.3515625