0 1 0.6875000000000002 0.88125 0.6875000000000002 0.88125 0.8265625 1 0.8265625
0 0.8734375 0.6265625000000001 0.765625 0.6265625000000001 0.7656250000000001 0.7750000000000001 0.8734375 0.7750000000000001
1 0.64375 0.30156250000000007 0.6046875 0.30156250000000007 0.6046875 0.3312500000000001 0.64375 0.3312500000000001
1 0.5828125 0.3218750000000001 0.5375 0.3218750000000001 0.5375 0.3515625000000001 0.5828125 0.3515625000000001
1 0.69375 0.21093750000000008 0.6625 0.21093750000000008 0.6625 0.2328125000000001 0.69375 0.2328125000000001
1 0.6625 0.2453125000000001 0.6265625 0.2453125000000001 0.6265625 0.2765625000000001 0.6625 0.2765625000000001
1 0.71875 0.2078125000000001 0.6890625 0.2078125000000001 0.6890625 0.2296875000000001 0.71875 0.2296875000000001
1 0.6796875 0.23593750000000008 0.6453125 0.23593750000000008 0.6453125 0.2593750000000001 0.6796875 0.2593750000000001
0 0.27968750000000003 0.3203125 0.16875000000000004 0.3203125 0.16875000000000004 0.40625 0.2796875000000001 0.40625
0 0.50625 0.4234375 0.3921875000000001 0.4234375 0.3921875000000001 0.540625 0.50625 0.540625
0 0.8859375 0.0718750000000001 0.846875 0.0718750000000001 0.846875 0.10156250000000008 0.8859375 0.10156250000000008
0 0.890625 0.08906250000000011 0.8421875 0.08906250000000011 0.8421875 0.1281250000000001 0.890625 0.1281250000000001
1 0.74375 0.14218750000000008 0.71875 0.14218750000000008 0.71875 0.1609375000000001 0.74375 0.1609375000000001
1 0.7359375 0.1531250000000001 0.7078125 0.1531250000000001 0.7078125 0.1703125000000001 0.7359375 0.1703125000000001
0 0.853125 0.11875000000000009 0.8140625 0.11875000000000009 0.8140625 0.1609375000000001 0.853125 0.1609375000000001
0 0.721875 0.48125 0.640625 0.48125 0.640625 0.5953125 0.721875 0.5953125
1 0.7578125 0.12656250000000008 0.7328125 0.12656250000000008 0.7328125 0.1546875000000001 0.7578125 0.1546875000000001
0 0.89375 0.11875000000000009 0.85625 0.11875000000000009 0.85625 0.1593750000000001 0.89375 0.1593750000000001
1 0.7953125 0.08906250000000009 0.775 0.08906250000000009 0.775 0.10312500000000009 0.7953125 0.10312500000000009
1 0.7703125 0.1218750000000001 0.746875 0.1218750000000001 0.746875 0.1359375000000001 0.7703125 0.1359375000000001
0 0.7328125 0.10312500000000009 0.7 0.10312500000000009 0.7 0.12343750000000009 0.7328125 0.12343750000000009
0 0.88125 0.1468750000000001 0.84375 0.1468750000000001 0.84375 0.17968750000000008 0.88125 0.17968750000000008
1 0.7109375 0.1609375000000001 0.6734375 0.1609375000000001 0.6734375 0.1984375000000001 0.7109375 0.1984375000000001