0 0.2828125 0.2875 0.13750000000000004 0.2875 0.13750000000000004 0.4296875 0.2828125000000001 0.4296875
0 0.8546875 0.6015625000000002 0.7515625 0.6015625000000002 0.7515625000000001 0.7546875000000002 0.8546875 0.7546875000000002
1 0.68125 0.28593750000000007 0.6375 0.28593750000000007 0.6375 0.30937500000000007 0.68125 0.30937500000000007
1 0.6953125 0.2140625000000001 0.65625 0.2140625000000001 0.65625 0.23593750000000008 0.6953125 0.23593750000000008
0 0.653125 0.44375 0.521875 0.44375 0.521875 0.590625 0.653125 0.590625
1 0.6234375 0.3000000000000001 0.565625 0.3000000000000001 0.565625 0.3468750000000001 0.6234375 0.3468750000000001
1 0.721875 0.2062500000000001 0.6953125 0.2062500000000001 0.6953125 0.22812500000000008 0.721875 0.22812500000000008
1 0.7453125 0.1828125000000001 0.71875 0.1828125000000001 0.71875 0.20312500000000008 0.7453125 0.20312500000000008
1 0.590625 0.3421875000000001 0.5453125 0.3421875000000001 0.5453125 0.3750000000000001 0.590625 0.3750000000000001
1 0.7015625 0.1906250000000001 0.678125 0.1906250000000001 0.678125 0.2156250000000001 0.7015625 0.2156250000000001
1 0.6078125 0.3750000000000001 0.5578125 0.3750000000000001 0.5578125 0.4125 0.6078125 0.4125
1 0.709375 0.2312500000000001 0.6796875 0.2312500000000001 0.6796875 0.2484375000000001 0.709375 0.2484375000000001
1 0.6515625 0.2515625000000001 0.6171875 0.2515625000000001 0.6171875 0.27812500000000007 0.6515625 0.27812500000000007