0 0.54375 0.2218750000000001 0.446875 0.2218750000000001 0.446875 0.3078125000000001 0.54375 0.3078125000000001
0 0.3890625000000001 0.38750000000000007 0.2671875000000001 0.3875 0.2671875000000001 0.4984375 0.3890625000000001 0.4984375
0 0.9375 0.1031250000000001 0.8453125 0.10312500000000009 0.8453125 0.1796875000000001 0.9375 0.17968750000000014
0 0.33437500000000003 0.278125 0.16875000000000004 0.278125 0.16875000000000004 0.4 0.3343750000000001 0.4
0 0.265625 0.2390625 0.14375000000000004 0.2390625 0.14375000000000004 0.321875 0.265625 0.321875
1 0.3609375 0.03281250000000004 0.3265625 0.03281250000000004 0.3265625 0.05312500000000005 0.3609375 0.05312500000000005
0 0.79375 0.04218750000000009 0.7203125 0.042187500000000086 0.7203125 0.10781250000000009 0.79375 0.10781250000000009
1 0.5765625 0.13593750000000007 0.53125 0.13593750000000004 0.53125 0.16250000000000006 0.5765625 0.1625000000000001
1 0.359375 0.01875000000000004 0.328125 0.018750000000000037 0.328125 0.03750000000000005 0.359375 0.03750000000000005
1 0.4984375 0.10312500000000005 0.4796875 0.10312500000000005 0.4796875 0.12343750000000005 0.4984375 0.12343750000000005
1 0.328125 0.010937500000000037 0.2921875 0.010937500000000036 0.2921875 0.02968750000000004 0.328125 0.029687500000000044
0 0.9046875 0.7515625000000001 0.6390625000000002 0.7515625 0.6390625000000002 0.9984375 0.9046875 0.9984375
1 0.3875 0.034375000000000044 0.3609375 0.034375000000000044 0.3609375 0.06718750000000004 0.3875 0.06718750000000004
0 0.55625 0.18906250000000008 0.5015625 0.18906250000000005 0.5015625 0.2406250000000001 0.55625 0.2406250000000001
1 0.5546875 0.10937500000000007 0.51875 0.10937500000000004 0.51875 0.14218750000000008 0.5546875 0.14218750000000008