1 0.63125 0.25468750000000007 0.5921875 0.25468750000000007 0.5921875 0.2828125000000001 0.63125 0.2828125000000001
1 0.678125 0.22031250000000008 0.6421875 0.22031250000000008 0.6421875 0.2453125000000001 0.678125 0.2453125000000001
0 0.9296875 0.6390625000000002 0.8265625 0.6390625000000002 0.8265625 0.7968750000000002 0.9296875 0.7968750000000002
1 0.6390625 0.3156250000000001 0.59375 0.3156250000000001 0.59375 0.34843750000000007 0.6390625 0.34843750000000007
0 0.890625 0.08906250000000011 0.840625 0.08906250000000011 0.840625 0.1296875000000001 0.890625 0.1296875000000001
1 0.6 0.32500000000000007 0.553125 0.32500000000000007 0.553125 0.3578125000000001 0.6 0.3578125000000001
0 0.21093750000000006 0.29375 0.10000000000000005 0.29375 0.10000000000000005 0.3828125 0.21093750000000008 0.3828125
1 0.715625 0.1750000000000001 0.6890625 0.1750000000000001 0.6890625 0.1937500000000001 0.715625 0.1937500000000001
0 0.4203125 0.321875 0.2984375 0.321875 0.2984375 0.4296875 0.4203125 0.4296875
0 0.8515625 0.12343750000000009 0.8125 0.12343750000000009 0.8125 0.16562500000000008 0.8515625 0.16562500000000008
0 0.8921875 0.12343750000000009 0.8578125 0.12343750000000009 0.8578125 0.1609375000000001 0.8921875 0.1609375000000001
1 0.7109375 0.19531250000000008 0.6828125 0.19531250000000008 0.6828125 0.2140625000000001 0.7109375 0.2140625000000001
0 0.74375 0.07812500000000008 0.7109375 0.07812500000000008 0.7109375 0.10937500000000008 0.74375 0.10937500000000008
1 0.7703125 0.12031250000000009 0.7515625 0.12031250000000009 0.7515625 0.13437500000000008 0.7703125 0.13437500000000008
1 0.6921875 0.20468750000000008 0.6578125 0.20468750000000008 0.6578125 0.2234375000000001 0.6921875 0.2234375000000001
1 0.7703125 0.1281250000000001 0.7421875 0.1281250000000001 0.7421875 0.14843750000000008 0.7703125 0.14843750000000008
1 0.7359375 0.16562500000000008 0.703125 0.16562500000000008 0.703125 0.1828125000000001 0.7359375 0.1828125000000001
0 0.853125 0.10468750000000009 0.828125 0.10468750000000009 0.828125 0.1312500000000001 0.853125 0.1312500000000001
0 0.721875 0.07031250000000008 0.7 0.07031250000000008 0.7 0.10312500000000009 0.721875 0.10312500000000009
1 0.8 0.07968750000000009 0.7765625 0.07968750000000009 0.7765625 0.09218750000000009 0.8 0.09218750000000009
1 0.8015625 0.0906250000000001 0.778125 0.0906250000000001 0.778125 0.10312500000000009 0.8015625 0.10312500000000009
0 0.8796875 0.14843750000000008 0.8421875 0.14843750000000008 0.8421875 0.17968750000000008 0.8796875 0.17968750000000008