0 0.8 0.11250000000000009 0.7609375 0.11250000000000009 0.7609375 0.1468750000000001 0.8 0.1468750000000001
1 0.678125 0.1359375000000001 0.65 0.1359375000000001 0.65 0.1546875000000001 0.678125 0.1546875000000001
1 0.665625 0.1437500000000001 0.6375 0.1437500000000001 0.6375 0.1609375000000001 0.665625 0.1609375000000001
1 0.575 0.25468750000000007 0.534375 0.25468750000000007 0.534375 0.2796875000000001 0.575 0.2796875000000001
1 0.6234375 0.18906250000000008 0.59375 0.18906250000000008 0.59375 0.2062500000000001 0.6234375 0.2062500000000001
1 0.6078125 0.2406250000000001 0.5703125 0.2406250000000001 0.5703125 0.2640625000000001 0.6078125 0.2640625000000001
1 0.7140625 0.08125000000000009 0.6921875 0.08125000000000009 0.6921875 0.09687500000000009 0.7140625 0.09687500000000009
1 0.6203125 0.2015625000000001 0.5890625 0.2015625000000001 0.5890625 0.2218750000000001 0.6203125 0.2218750000000001
1 0.565625 0.3203125000000001 0.5203125 0.3203125000000001 0.5203125 0.3500000000000001 0.565625 0.3500000000000001
1 0.690625 0.10312500000000009 0.6640625 0.10312500000000009 0.6640625 0.12031250000000009 0.690625 0.12031250000000009
1 0.6609375 0.1593750000000001 0.6234375 0.1593750000000001 0.6234375 0.1781250000000001 0.6609375 0.1781250000000001
1 0.6625 0.1781250000000001 0.625 0.1781250000000001 0.625 0.1984375000000001 0.6625 0.1984375000000001
1 0.684375 0.11250000000000009 0.6640625 0.11250000000000009 0.6640625 0.13281250000000008 0.684375 0.13281250000000008
0 0.30312500000000003 0.2859375 0.19375000000000003 0.2859375 0.19375000000000003 0.3953125 0.3031250000000001 0.3953125
0 0.8359375 0.11875000000000009 0.7953125 0.11875000000000009 0.7953125 0.16406250000000008 0.8359375 0.16406250000000008
1 0.7 0.1359375000000001 0.66875 0.1359375000000001 0.66875 0.1531250000000001 0.7 0.1531250000000001
0 0.840625 0.0812500000000001 0.80625 0.08125000000000009 0.80625 0.13437500000000008 0.840625 0.13437500000000008
0 0.66875 0.06406250000000008 0.634375 0.06406250000000006 0.634375 0.09375000000000008 0.66875 0.09375000000000008
0 0.9765625 0.043750000000000115 0.9328125 0.04375000000000011 0.9328125 0.0875000000000001 0.9765625 0.0875000000000001
1 0.6515625 0.1843750000000001 0.615625 0.1843750000000001 0.615625 0.20468750000000008 0.6515625 0.20468750000000008
1 0.7265625 0.06562500000000009 0.709375 0.06562500000000009 0.709375 0.07812500000000008 0.7265625 0.07812500000000008
0 0.8234375 0.1515625000000001 0.7875 0.1515625000000001 0.7875 0.18750000000000008 0.8234375 0.18750000000000008
0 0.9984375 0.31718750000000007 0.9578125 0.31718750000000007 0.9578125 0.37968750000000007 0.9984375 0.37968750000000007
0 0.8140625 0.05625000000000009 0.778125 0.05625000000000009 0.778125 0.12031250000000009 0.8140625 0.12031250000000009
1 0.6046875 0.2156250000000001 0.565625 0.2156250000000001 0.565625 0.2375000000000001 0.6046875 0.2375000000000001
0 0.3140625000000001 0.3765625 0.2296875000000001 0.3765625 0.2296875000000001 0.4515625 0.3140625000000001 0.4515625
0 0.9515625 0.009375000000000116 0.91875 0.009375000000000114 0.91875 0.02812500000000011 0.9515625 0.02812500000000011
0 0.81875 0.18125000000000008 0.7859375 0.18125000000000008 0.7859375 0.2171875000000001 0.81875 0.2171875000000001
0 0.8796875 0.0375000000000001 0.8421875 0.0375000000000001 0.8421875 0.07343750000000011 0.8796875 0.07343750000000011
0 0.71875 0.023437500000000087 0.6890625 0.023437500000000083 0.6890625 0.05937500000000009 0.71875 0.05937500000000009