0 0.990625 0.6921875000000002 0.8171875 0.6921875000000002 0.8171875 0.884375 0.990625 0.884375
1 0.596875 0.2296875000000001 0.559375 0.2296875000000001 0.559375 0.25468750000000007 0.596875 0.25468750000000007
1 0.6609375 0.14218750000000008 0.6328125 0.14218750000000008 0.6328125 0.15781250000000008 0.6609375 0.15781250000000008
1 0.6171875 0.21250000000000008 0.584375 0.21250000000000008 0.584375 0.2312500000000001 0.6171875 0.2312500000000001
1 0.6734375 0.12656250000000008 0.6484375 0.12656250000000008 0.6484375 0.14218750000000008 0.6734375 0.14218750000000008
0 0.39531250000000007 0.384375 0.2593750000000001 0.384375 0.2593750000000001 0.584375 0.39531250000000007 0.584375
1 0.625 0.18906250000000008 0.5921875 0.18906250000000008 0.5921875 0.2062500000000001 0.625 0.2062500000000001
1 0.521875 0.3203125000000001 0.475 0.3203125000000001 0.475 0.3531250000000001 0.521875 0.3531250000000001
0 0.825 0.6578125000000001 0.7234375 0.6578125 0.7234375000000001 0.8140625 0.825 0.8140625
1 0.6421875 0.17187500000000008 0.6109375 0.17187500000000008 0.6109375 0.1906250000000001 0.6421875 0.1906250000000001
1 0.646875 0.1625000000000001 0.6203125 0.1625000000000001 0.6203125 0.17968750000000008 0.646875 0.17968750000000008
1 0.7046875 0.08593750000000008 0.6828125 0.08593750000000008 0.6828125 0.10156250000000008 0.7046875 0.10156250000000008
1 0.7140625 0.07343750000000009 0.690625 0.07343750000000009 0.690625 0.0906250000000001 0.7140625 0.0906250000000001
0 0.31093750000000003 0.3328125 0.234375 0.3328125 0.23437500000000006 0.4484375 0.3109375000000001 0.4484375
1 0.6890625 0.11562500000000009 0.6640625 0.11562500000000009 0.6640625 0.13437500000000008 0.6890625 0.13437500000000008
0 0.6859375 0.475 0.515625 0.475 0.515625 0.63125 0.6859375 0.63125
1 0.58125 0.24218750000000008 0.5171875 0.24218750000000008 0.5171875 0.2828125000000001 0.58125 0.2828125000000001
1 0.734375 0.057812500000000086 0.7203125 0.057812500000000086 0.7203125 0.0671875000000001 0.734375 0.0671875000000001