1 0.6703125 0.1312500000000001 0.65625 0.1312500000000001 0.65625 0.1453125000000001 0.6703125 0.1453125000000001
0 0.09687500000000004 0.3171875 3.884426566045511e-17 0.3171875 4.506317518737526e-17 0.41875 0.09687500000000004 0.41875
1 0.65 0.1671875000000001 0.615625 0.1671875000000001 0.615625 0.1921875000000001 0.65 0.1921875000000001
0 0.8 0.10781250000000009 0.7734375 0.10781250000000009 0.7734375 0.13281250000000008 0.8 0.13281250000000008
0 0.8265625 0.1375000000000001 0.7953125 0.1375000000000001 0.7953125 0.1765625000000001 0.8265625 0.1765625000000001
1 0.5984375 0.2234375000000001 0.5609375 0.2234375000000001 0.5609375 0.2515625000000001 0.5984375 0.2515625000000001
0 0.771875 0.09218750000000009 0.7453125 0.09218750000000009 0.7453125 0.1375000000000001 0.771875 0.1375000000000001
1 0.5328125 0.3265625000000001 0.48125 0.3265625000000001 0.48125 0.3609375000000001 0.5328125 0.3609375000000001
0 0.9765625 0.043750000000000115 0.93125 0.04375000000000011 0.93125 0.0875000000000001 0.9765625 0.0875000000000001
0 1 0.31718750000000007 0.9609375 0.31718750000000007 0.9609375 0.3812500000000001 1 0.3812500000000001
0 0.95 0.009375000000000114 0.9171875 0.00937500000000011 0.9171875 0.02968750000000011 0.95 0.02968750000000011
0 0.66875 0.515625 0.5640625 0.515625 0.5640625 0.621875 0.66875 0.621875
0 0.81875 0.1828125000000001 0.7859375 0.1828125000000001 0.7859375 0.2156250000000001 0.81875 0.2156250000000001
0 1 0.4031250000000002 0.9625 0.4031250000000002 0.9625 0.4671875000000002 1 0.4671875000000002