1 0.5890625 0.33281250000000007 0.5453125 0.33281250000000007 0.5453125 0.3656250000000001 0.5890625 0.3656250000000001
1 0.7 0.22812500000000008 0.6671875 0.22812500000000008 0.6671875 0.2500000000000001 0.7 0.2500000000000001
1 0.6484375 0.3109375000000001 0.5921875 0.3109375000000001 0.5921875 0.3531250000000001 0.6484375 0.3531250000000001
1 0.6359375 0.2578125000000001 0.6046875 0.2578125000000001 0.6046875 0.2843750000000001 0.6359375 0.2843750000000001
1 0.6546875 0.2406250000000001 0.6171875 0.2406250000000001 0.6171875 0.26250000000000007 0.6546875 0.26250000000000007
1 0.6359375 0.2812500000000001 0.5953125 0.2812500000000001 0.5953125 0.30937500000000007 0.6359375 0.30937500000000007
0 0.853125 0.11875000000000009 0.815625 0.11875000000000009 0.815625 0.15625000000000008 0.853125 0.15625000000000008
0 0.39375000000000004 0.34843750000000007 0.3234375 0.3484375 0.32343750000000004 0.4140625 0.3937500000000001 0.4140625
1 0.7125 0.1906250000000001 0.678125 0.1906250000000001 0.678125 0.2140625000000001 0.7125 0.2140625000000001
0 0.10781250000000005 0.246875 3.023346785395028e-17 0.246875 3.539994653785318e-17 0.33125 0.10781250000000005 0.33125
1 0.759375 0.12343750000000009 0.7359375 0.12343750000000009 0.7359375 0.14062500000000008 0.759375 0.14062500000000008
1 0.7234375 0.1843750000000001 0.6921875 0.1843750000000001 0.6921875 0.20312500000000008 0.7234375 0.20312500000000008
1 0.7375 0.1390625000000001 0.7140625 0.1390625000000001 0.7140625 0.1546875000000001 0.7375 0.1546875000000001
1 0.7515625 0.16562500000000008 0.7265625 0.16562500000000008 0.7265625 0.1828125000000001 0.7515625 0.1828125000000001
1 0.8109375 0.08125000000000009 0.790625 0.08125000000000009 0.790625 0.09218750000000009 0.8109375 0.09218750000000009
1 0.7328125 0.1671875000000001 0.7046875 0.1671875000000001 0.7046875 0.1828125000000001 0.7328125 0.1828125000000001
0 0.7265625 0.4906250000000001 0.640625 0.490625 0.640625 0.5890625 0.7265625 0.5890625000000002
1 0.7640625 0.11718750000000008 0.7421875 0.11718750000000008 0.7421875 0.13281250000000008 0.7640625 0.13281250000000008
1 0.784375 0.10000000000000009 0.759375 0.10000000000000009 0.759375 0.11562500000000009 0.784375 0.11562500000000009
0 0.8796875 0.12343750000000009 0.8453125 0.12343750000000009 0.8453125 0.15000000000000008 0.8796875 0.15000000000000008
1 0.7765625 0.11250000000000009 0.7578125 0.11250000000000009 0.7578125 0.12656250000000008 0.7765625 0.12656250000000008
0 0.8859375 0.08281250000000011 0.8453125 0.08281250000000011 0.8453125 0.11718750000000008 0.8859375 0.11718750000000008
0 0.7265625 0.07343750000000009 0.7015625 0.07343750000000009 0.7015625 0.10781250000000009 0.7265625 0.10781250000000009
0 0.9046875 0.07812500000000011 0.88125 0.07812500000000011 0.88125 0.1062500000000001 0.9046875 0.1062500000000001
0 0.88125 0.1468750000000001 0.84375 0.1468750000000001 0.84375 0.17968750000000008 0.88125 0.17968750000000008