1 0.5953125 0.2328125000000001 0.5609375 0.2328125000000001 0.5609375 0.2562500000000001 0.5953125 0.2562500000000001
0 0.79375 0.11250000000000009 0.7625 0.11250000000000009 0.7625 0.1390625000000001 0.79375 0.1390625000000001
1 0.6125 0.21250000000000008 0.578125 0.21250000000000008 0.578125 0.23593750000000008 0.6125 0.23593750000000008
1 0.709375 0.09375000000000008 0.684375 0.09375000000000008 0.684375 0.10937500000000008 0.709375 0.10937500000000008
0 0.06875000000000003 0.25625 3.138157422815093e-17 0.25625 3.9609669909922206e-17 0.390625 0.06875000000000005 0.390625
1 0.6046875 0.2593750000000001 0.5671875 0.2593750000000001 0.5671875 0.2921875000000001 0.6046875 0.2921875000000001
1 0.51875 0.4125 0.4578125 0.4125 0.4578125 0.4625 0.51875 0.4625
1 0.71875 0.07031250000000008 0.7015625 0.07031250000000008 0.7015625 0.0828125000000001 0.71875 0.0828125000000001
1 0.6484375 0.16562500000000008 0.61875 0.16562500000000008 0.61875 0.18750000000000008 0.6484375 0.18750000000000008
0 0.825 0.1359375000000001 0.7890625 0.1359375000000001 0.7890625 0.1843750000000001 0.825 0.1843750000000001
0 0.3265625000000001 0.3703125 0.2218750000000001 0.3703125 0.2218750000000001 0.453125 0.3265625000000001 0.453125
1 0.5375 0.28593750000000007 0.4875 0.28593750000000007 0.4875 0.31718750000000007 0.5375 0.31718750000000007
0 0.978125 0.043750000000000115 0.9328125 0.04375000000000011 0.9328125 0.0875000000000001 0.978125 0.0875000000000001
0 0.68125 0.509375 0.534375 0.509375 0.534375 0.6359375 0.68125 0.6359375
0 1 0.3031250000000001 0.9609375 0.3031250000000001 0.9609375 0.3781250000000001 1 0.3781250000000001
0 0.675 0.060937500000000075 0.628125 0.06093750000000007 0.628125 0.10468750000000009 0.675 0.10468750000000009
0 0.334375 0.2453125 0.246875 0.2453125 0.246875 0.33125 0.334375 0.33125
0 0.9515625 0.009375000000000116 0.91875 0.009375000000000114 0.91875 0.02812500000000011 0.9515625 0.02812500000000011
0 0.88125 0.0375000000000001 0.84375 0.0375000000000001 0.84375 0.0718750000000001 0.88125 0.0718750000000001