0 0.74375 0.1437500000000001 0.6515625 0.1437500000000001 0.6515625 0.22031250000000008 0.74375 0.22031250000000008
0 0.8046875 0.09687500000000009 0.6828125 0.09687500000000009 0.6828125 0.21093750000000008 0.8046875 0.21093750000000008
1 0.3296875 3.846156353572156e-17 0.2984375 3.654805291205382e-17 0.2984375 0.015625000000000038 0.3296875 0.015625000000000038
1 0.540625 0.10781250000000005 0.509375 0.10781250000000005 0.509375 0.12656250000000005 0.540625 0.12656250000000005
1 0.390625 0.034375000000000044 0.3578125 0.034375000000000044 0.3578125 0.051562500000000046 0.390625 0.051562500000000046
1 0.353125 0.01562500000000004 0.321875 0.015625000000000038 0.321875 0.03125000000000004 0.353125 0.03125000000000004
1 0.5734375 0.11875000000000006 0.540625 0.11875000000000005 0.540625 0.14375000000000007 0.5734375 0.1437500000000001
0 0.35 0.2671875 0.24375 0.2671875 0.24375 0.3265625 0.35 0.3265625
0 0.5296875 0.12812500000000004 0.4609375 0.12812500000000004 0.4609375 0.19687500000000005 0.5296875 0.19687500000000005
1 0.51875 0.09375000000000007 0.503125 0.09375000000000007 0.503125 0.11093750000000005 0.51875 0.11093750000000005
0 0.95625 0.10468750000000011 0.88125 0.10468750000000009 0.88125 0.1484375000000001 0.95625 0.14843750000000014