1 0.803125 0.0906250000000001 0.784375 0.0906250000000001 0.784375 0.10156250000000008 0.803125 0.10156250000000008
1 0.715625 0.2171875000000001 0.6828125 0.2171875000000001 0.6828125 0.2406250000000001 0.715625 0.2406250000000001
0 0.8734375 0.06093750000000011 0.8328125 0.06093750000000011 0.8328125 0.09843750000000011 0.8734375 0.09843750000000011
1 0.8140625 0.0906250000000001 0.7984375 0.0906250000000001 0.7984375 0.10312500000000009 0.8140625 0.10312500000000009
1 0.678125 0.2453125000000001 0.6421875 0.2453125000000001 0.6421875 0.27031250000000007 0.678125 0.27031250000000007
0 0.8953125 0.5765625000000002 0.7671875 0.5765625000000002 0.7671875000000001 0.7750000000000001 0.8953125 0.7750000000000001
0 0.775 0.5640625000000001 0.6609375 0.5640625 0.6609375 0.70625 0.775 0.7062500000000002
1 0.7171875 0.1906250000000001 0.6796875 0.1906250000000001 0.6796875 0.2156250000000001 0.7171875 0.2156250000000001
1 0.6734375 0.22656250000000008 0.6421875 0.22656250000000008 0.6421875 0.2484375000000001 0.6734375 0.2484375000000001
0 0.8765625 0.1296875000000001 0.84375 0.1296875000000001 0.84375 0.1687500000000001 0.8765625 0.1687500000000001
0 0.7515625 0.0828125000000001 0.721875 0.0828125000000001 0.721875 0.11718750000000008 0.7515625 0.11718750000000008
1 0.7671875 0.11718750000000008 0.7453125 0.11718750000000008 0.7453125 0.13281250000000008 0.7671875 0.13281250000000008
0 0.7953125 0.04062500000000009 0.75625 0.04062500000000009 0.75625 0.07968750000000009 0.7953125 0.07968750000000009
1 0.66875 0.2890625000000001 0.6203125 0.2890625000000001 0.6203125 0.3156250000000001 0.66875 0.3156250000000001
0 0.85625 0.11718750000000008 0.8203125 0.11718750000000008 0.8203125 0.1515625000000001 0.85625 0.1515625000000001
0 0.8609375 0.09843750000000011 0.825 0.09843750000000011 0.825 0.1296875000000001 0.8609375 0.1296875000000001
0 0.753125 0.06406250000000009 0.725 0.06406250000000009 0.725 0.08906250000000009 0.753125 0.08906250000000009
1 0.59375 0.33281250000000007 0.5453125 0.33281250000000007 0.5453125 0.3671875000000001 0.59375 0.3671875000000001
0 0.6453125 0.50625 0.5390625 0.50625 0.5390625 0.6375 0.6453125 0.6375
1 0.7640625 0.1593750000000001 0.7390625 0.1593750000000001 0.7390625 0.1750000000000001 0.7640625 0.1750000000000001
1 0.746875 0.14218750000000008 0.725 0.14218750000000008 0.725 0.1609375000000001 0.746875 0.1609375000000001
0 0.890625 0.07343750000000011 0.853125 0.07343750000000011 0.853125 0.14062500000000008 0.890625 0.14062500000000008
1 0.721875 0.10312500000000009 0.70625 0.10312500000000009 0.70625 0.11562500000000009 0.721875 0.11562500000000009
1 0.7328125 0.1625000000000001 0.7078125 0.1625000000000001 0.7078125 0.18125000000000008 0.7328125 0.18125000000000008