1 0.640625 0.2765625000000001 0.6 0.2765625000000001 0.6 0.3062500000000001 0.640625 0.3062500000000001
1 0.6734375 0.2687500000000001 0.634375 0.2687500000000001 0.634375 0.2968750000000001 0.6734375 0.2968750000000001
1 0.6625 0.22031250000000008 0.628125 0.22031250000000008 0.628125 0.24375000000000008 0.6625 0.24375000000000008
1 0.615625 0.3140625000000001 0.575 0.3140625000000001 0.575 0.3453125000000001 0.615625 0.3453125000000001
0 0.8546875 0.11562500000000009 0.81875 0.11562500000000009 0.81875 0.1531250000000001 0.8546875 0.1531250000000001
1 0.5921875 0.3296875000000001 0.546875 0.3296875000000001 0.546875 0.3750000000000001 0.5921875 0.3750000000000001
1 0.7015625 0.1937500000000001 0.6703125 0.1937500000000001 0.6703125 0.2140625000000001 0.7015625 0.2140625000000001
1 0.7296875 0.17187500000000008 0.703125 0.17187500000000008 0.703125 0.1906250000000001 0.7296875 0.1906250000000001
1 0.7140625 0.17968750000000008 0.684375 0.17968750000000008 0.684375 0.1984375000000001 0.7140625 0.1984375000000001
0 0.8859375 0.0875000000000001 0.8453125 0.0875000000000001 0.8453125 0.12031250000000009 0.8859375 0.12031250000000009
1 0.7328125 0.15625000000000008 0.7078125 0.15625000000000008 0.7078125 0.17343750000000008 0.7328125 0.17343750000000008
0 0.575 0.4609375 0.4640625 0.4609375 0.4640625 0.58125 0.575 0.58125
0 0.4125 0.32343750000000004 0.3234375 0.3234375 0.32343750000000004 0.4203125 0.4125 0.4203125
0 0.7328125 0.10156250000000008 0.7 0.10156250000000008 0.7 0.12343750000000009 0.7328125 0.12343750000000009
1 0.78125 0.11718750000000008 0.75625 0.11718750000000008 0.75625 0.13281250000000008 0.78125 0.13281250000000008
0 0.9984375 0.5562500000000001 0.8546875 0.5562500000000001 0.8546875 0.7921875000000002 0.9984375 0.7921875000000002
1 0.75 0.1468750000000001 0.721875 0.1468750000000001 0.721875 0.16406250000000008 0.75 0.16406250000000008
0 0.740625 0.4593750000000001 0.578125 0.459375 0.578125 0.6125 0.740625 0.6125000000000002