0 0.19218750000000004 0.28125 0.07812500000000004 0.28125 0.07812500000000004 0.3703125 0.19218750000000004 0.3703125
0 0.853125 0.11718750000000008 0.8171875 0.11718750000000008 0.8171875 0.1546875000000001 0.853125 0.1546875000000001
1 0.7984375 0.08437500000000009 0.778125 0.08437500000000009 0.778125 0.09531250000000009 0.7984375 0.09531250000000009
1 0.684375 0.24375000000000008 0.640625 0.24375000000000008 0.640625 0.2718750000000001 0.684375 0.2718750000000001
0 0.571875 0.4578125 0.45625 0.4578125 0.45625 0.58125 0.571875 0.58125
1 0.628125 0.30156250000000007 0.5796875 0.30156250000000007 0.5796875 0.3375000000000001 0.628125 0.3375000000000001
1 0.6921875 0.2312500000000001 0.653125 0.2312500000000001 0.653125 0.2500000000000001 0.6921875 0.2500000000000001
1 0.6875 0.2093750000000001 0.65 0.2093750000000001 0.65 0.2250000000000001 0.6875 0.2250000000000001
1 0.7625 0.12031250000000009 0.7390625 0.12031250000000009 0.7390625 0.1359375000000001 0.7625 0.1359375000000001
1 0.7875 0.09531250000000009 0.7625 0.09531250000000009 0.7625 0.10937500000000008 0.7875 0.10937500000000008
0 0.8640625 0.6015625000000002 0.790625 0.6015625000000002 0.790625 0.6875000000000002 0.8640625 0.6875000000000002
1 0.753125 0.1453125000000001 0.7296875 0.1453125000000001 0.7296875 0.1609375000000001 0.753125 0.1609375000000001
1 0.7875 0.11093750000000009 0.7625 0.11093750000000009 0.7625 0.12500000000000008 0.7875 0.12500000000000008
1 0.73125 0.1593750000000001 0.7046875 0.1593750000000001 0.7046875 0.1781250000000001 0.73125 0.1781250000000001
0 0.8796875 0.1453125000000001 0.8421875 0.1453125000000001 0.8421875 0.17968750000000008 0.8796875 0.17968750000000008
1 0.7984375 0.08593750000000008 0.7734375 0.08593750000000008 0.7734375 0.12343750000000009 0.7984375 0.12343750000000009
1 0.7625 0.13281250000000008 0.725 0.13281250000000008 0.725 0.1531250000000001 0.7625 0.1531250000000001
0 0.8578125 0.10312500000000009 0.8265625 0.10312500000000009 0.8265625 0.13281250000000008 0.8578125 0.13281250000000008
1 0.7109375 0.18750000000000008 0.6671875 0.18750000000000008 0.6671875 0.21875000000000008 0.7109375 0.21875000000000008
0 0.73125 0.10156250000000008 0.696875 0.10156250000000008 0.696875 0.1218750000000001 0.73125 0.1218750000000001
1 0.721875 0.1859375000000001 0.6921875 0.1859375000000001 0.6921875 0.2062500000000001 0.721875 0.2062500000000001
1 0.74375 0.1828125000000001 0.70625 0.1828125000000001 0.70625 0.1984375000000001 0.74375 0.1984375000000001