0 0.18750000000000006 0.2828125 0.07500000000000004 0.2828125 0.07500000000000004 0.36875 0.18750000000000006 0.36875
1 0.6453125 0.2718750000000001 0.609375 0.2718750000000001 0.609375 0.2984375000000001 0.6453125 0.2984375000000001
1 0.784375 0.11093750000000009 0.75 0.11093750000000009 0.75 0.13281250000000008 0.784375 0.13281250000000008
1 0.628125 0.3187500000000001 0.5828125 0.3187500000000001 0.5828125 0.3468750000000001 0.628125 0.3468750000000001
1 0.6875 0.22656250000000008 0.646875 0.22656250000000008 0.646875 0.2531250000000001 0.6875 0.2531250000000001
0 0.8515625 0.6203125 0.7125 0.6203125 0.7125000000000001 0.7359375000000001 0.8515625 0.7359375000000001
0 0.853125 0.11875000000000009 0.815625 0.11875000000000009 0.815625 0.15781250000000008 0.853125 0.15781250000000008
0 1 0.6625000000000002 0.9265625 0.6625000000000002 0.9265625 0.8421875 1 0.8421875
0 0.4125 0.32656250000000003 0.315625 0.3265625 0.31562500000000004 0.4265625 0.4125 0.4265625
1 0.75625 0.1468750000000001 0.73125 0.1468750000000001 0.73125 0.1609375000000001 0.75625 0.1609375000000001
1 0.63125 0.2906250000000001 0.584375 0.2906250000000001 0.584375 0.3203125000000001 0.63125 0.3203125000000001
1 0.7859375 0.09687500000000009 0.7625 0.09687500000000009 0.7625 0.1140625000000001 0.7859375 0.1140625000000001
1 0.7265625 0.1906250000000001 0.6890625 0.1906250000000001 0.6890625 0.21250000000000008 0.7265625 0.21250000000000008
1 0.73125 0.1609375000000001 0.696875 0.1609375000000001 0.696875 0.1781250000000001 0.73125 0.1781250000000001
1 0.7375 0.1531250000000001 0.7078125 0.1531250000000001 0.7078125 0.17187500000000008 0.7375 0.17187500000000008
1 0.8 0.08750000000000009 0.778125 0.08750000000000009 0.778125 0.10000000000000009 0.8 0.10000000000000009