0 0.057812500000000044 0.284375 3.482589335075286e-17 0.284375 4.104480287767301e-17 0.3859375 0.057812500000000044 0.3859375
0 0.29531250000000003 0.2953125 0.18437500000000004 0.2953125 0.18437500000000004 0.4453125 0.2953125000000001 0.4453125
1 0.6640625 0.1453125000000001 0.640625 0.1453125000000001 0.640625 0.1625000000000001 0.6640625 0.1625000000000001
1 0.6484375 0.15781250000000008 0.61875 0.15781250000000008 0.61875 0.1765625000000001 0.6484375 0.1765625000000001
1 0.6984375 0.08906250000000009 0.678125 0.08906250000000009 0.678125 0.10468750000000009 0.6984375 0.10468750000000009
1 0.6796875 0.1390625000000001 0.6515625 0.1390625000000001 0.6515625 0.15625000000000008 0.6796875 0.15625000000000008
1 0.5421875 0.2921875000000001 0.4859375 0.2921875000000001 0.4859375 0.33281250000000007 0.5421875 0.33281250000000007
1 0.5578125 0.2671875000000001 0.5140625 0.2671875000000001 0.5140625 0.29375000000000007 0.5578125 0.29375000000000007
1 0.721875 0.07187500000000009 0.6984375 0.07187500000000009 0.6984375 0.0828125000000001 0.721875 0.0828125000000001
1 0.6375 0.1765625000000001 0.603125 0.1765625000000001 0.603125 0.19687500000000008 0.6375 0.19687500000000008
0 1 0.6890625000000001 0.9125 0.6890625000000001 0.9125 0.86875 1 0.86875
1 0.7328125 0.06562500000000009 0.7109375 0.06562500000000009 0.7109375 0.07656250000000009 0.7328125 0.07656250000000009
1 0.7421875 0.06093750000000009 0.7234375 0.06093750000000009 0.7234375 0.07187500000000009 0.7421875 0.07187500000000009
1 0.73125 0.0750000000000001 0.7171875 0.0750000000000001 0.7171875 0.0828125000000001 0.73125 0.0828125000000001
1 0.621875 0.2531250000000001 0.575 0.2531250000000001 0.575 0.2843750000000001 0.621875 0.2843750000000001