1 0.7859375 0.10781250000000009 0.75625 0.10781250000000009 0.75625 0.14843750000000008 0.7859375 0.14843750000000008
1 0.71875 0.18906250000000008 0.6765625 0.18906250000000008 0.6765625 0.24375000000000008 0.71875 0.24375000000000008
1 0.571875 0.3000000000000001 0.528125 0.3000000000000001 0.528125 0.3343750000000001 0.571875 0.3343750000000001
1 0.6671875 0.1765625000000001 0.6265625 0.1765625000000001 0.6265625 0.2375000000000001 0.6671875 0.2375000000000001
1 0.5859375 0.2890625000000001 0.5453125 0.2890625000000001 0.5453125 0.3156250000000001 0.5859375 0.3156250000000001
0 0.32343750000000004 0.2453125 0.2015625 0.2453125 0.20156250000000003 0.4546875 0.3234375000000001 0.4546875
1 0.50625 0.3812500000000001 0.453125 0.3812500000000001 0.453125 0.4234375 0.50625 0.4234375
1 0.60625 0.3937500000000001 0.5359375 0.3937500000000001 0.5359375 0.4546875 0.60625 0.4546875
1 0.6234375 0.2593750000000001 0.575 0.2593750000000001 0.575 0.2875000000000001 0.6234375 0.2875000000000001
0 0.796875 0.503125 0.6203125 0.503125 0.6203125 0.6093750000000001 0.796875 0.6093750000000002
1 0.5265625 0.3296875000000001 0.490625 0.3296875000000001 0.490625 0.3765625000000001 0.5265625 0.3765625000000001
1 0.7296875 0.13281250000000008 0.696875 0.13281250000000008 0.696875 0.15625000000000008 0.7296875 0.15625000000000008
1 0.7546875 0.10937500000000008 0.7328125 0.10937500000000008 0.7328125 0.12500000000000008 0.7546875 0.12500000000000008
1 0.7328125 0.08437500000000009 0.7 0.08437500000000009 0.7 0.11875000000000009 0.7328125 0.11875000000000009
1 0.75625 0.1609375000000001 0.721875 0.1609375000000001 0.721875 0.18125000000000008 0.75625 0.18125000000000008
1 0.6796875 0.2500000000000001 0.6359375 0.2500000000000001 0.6359375 0.2828125000000001 0.6796875 0.2828125000000001