1 0.675 0.1390625000000001 0.6484375 0.1390625000000001 0.6484375 0.15781250000000008 0.675 0.15781250000000008
1 0.6234375 0.18125000000000008 0.59375 0.18125000000000008 0.59375 0.20468750000000008 0.6234375 0.20468750000000008
1 0.6390625 0.1765625000000001 0.6140625 0.1765625000000001 0.6140625 0.19687500000000008 0.6390625 0.19687500000000008
1 0.6234375 0.19687500000000008 0.590625 0.19687500000000008 0.590625 0.22031250000000008 0.6234375 0.22031250000000008
1 0.5578125 0.2843750000000001 0.5078125 0.2843750000000001 0.5078125 0.3234375000000001 0.5578125 0.3234375000000001
1 0.590625 0.2296875000000001 0.55625 0.2296875000000001 0.55625 0.2531250000000001 0.590625 0.2531250000000001
0 0.9734375 0.7171875000000002 0.828125 0.7171875000000002 0.828125 0.8875 0.9734375 0.8875
0 0.9953125 0.3593750000000001 0.8890625 0.3593750000000001 0.8890625 0.5125000000000002 0.9953125 0.5125000000000002
0 0.06406250000000005 0.2859375 3.501724441311963e-17 0.2859375 4.200155818950688e-17 0.4 0.06406250000000005 0.4
0 0.846875 0.6453125000000001 0.6921875 0.6453125 0.6921875000000001 0.8046875 0.846875 0.8046875
0 0.3609375 0.346875 0.2125 0.346875 0.21250000000000005 0.4359375 0.3609375000000001 0.4359375