1 0.8109375 0.08125000000000009 0.784375 0.08125000000000009 0.784375 0.10000000000000009 0.8109375 0.10000000000000009
1 0.625 0.31718750000000007 0.58125 0.31718750000000007 0.58125 0.3500000000000001 0.625 0.3500000000000001
1 0.703125 0.2171875000000001 0.665625 0.2171875000000001 0.665625 0.24218750000000008 0.703125 0.24218750000000008
1 0.6390625 0.2671875000000001 0.6046875 0.2671875000000001 0.6046875 0.29375000000000007 0.6390625 0.29375000000000007
0 0.890625 0.11875000000000009 0.8578125 0.11875000000000009 0.8578125 0.1515625000000001 0.890625 0.1515625000000001
0 0.7484375 0.07812500000000008 0.7171875 0.07812500000000008 0.7171875 0.11562500000000009 0.7484375 0.11562500000000009
0 1 0.6625000000000002 0.9171875 0.6625000000000002 0.9171875 0.86875 1 0.86875
1 0.7734375 0.1390625000000001 0.7484375 0.1390625000000001 0.7484375 0.1546875000000001 0.7734375 0.1546875000000001
1 0.8015625 0.10000000000000009 0.775 0.10000000000000009 0.775 0.11875000000000009 0.8015625 0.11875000000000009
0 0.8625 0.12656250000000008 0.81875 0.12656250000000008 0.81875 0.1687500000000001 0.8625 0.1687500000000001
0 0.884375 0.1390625000000001 0.8453125 0.1390625000000001 0.8453125 0.1781250000000001 0.884375 0.1781250000000001
1 0.73125 0.18750000000000008 0.709375 0.18750000000000008 0.709375 0.2062500000000001 0.73125 0.2062500000000001
1 0.775 0.1140625000000001 0.753125 0.1140625000000001 0.753125 0.1281250000000001 0.775 0.1281250000000001
1 0.7421875 0.1546875000000001 0.7078125 0.1546875000000001 0.7078125 0.1750000000000001 0.7421875 0.1750000000000001
0 0.871875 0.09218750000000012 0.8296875 0.09218750000000012 0.8296875 0.1359375000000001 0.871875 0.1359375000000001
1 0.8203125 0.0609375000000001 0.8015625 0.06093750000000009 0.8015625 0.0765625000000001 0.8203125 0.07656250000000012
1 0.74375 0.17968750000000008 0.715625 0.17968750000000008 0.715625 0.1984375000000001 0.74375 0.1984375000000001
1 0.8140625 0.0671875000000001 0.7984375 0.0671875000000001 0.7984375 0.08125000000000009 0.8140625 0.08125000000000009
1 0.7828125 0.13437500000000008 0.759375 0.13437500000000008 0.759375 0.14843750000000008 0.7828125 0.14843750000000008
0 0.7265625 0.08750000000000009 0.70625 0.08750000000000009 0.70625 0.11093750000000009 0.7265625 0.11093750000000009
1 0.7984375 0.09375000000000008 0.7765625 0.09375000000000008 0.7765625 0.10781250000000009 0.7984375 0.10781250000000009
1 0.7140625 0.1906250000000001 0.6859375 0.1906250000000001 0.6859375 0.2093750000000001 0.7140625 0.2093750000000001
0 0.9328125 0.6484375000000002 0.8265625 0.6484375000000002 0.8265625 0.8109375 0.9328125 0.8109375
0 0.30000000000000004 0.26875 0.19218750000000004 0.26875 0.19218750000000004 0.40625 0.3000000000000001 0.40625