0 0.7984375 0.11093750000000009 0.7609375 0.11093750000000009 0.7609375 0.14218750000000008 0.7984375 0.14218750000000008
1 0.51875 0.3265625000000001 0.4734375 0.3265625000000001 0.4734375 0.3609375000000001 0.51875 0.3609375000000001
1 0.6796875 0.12656250000000008 0.6546875 0.12656250000000008 0.6546875 0.1437500000000001 0.6796875 0.1437500000000001
0 0.3140625 0.2703125 0.18906250000000005 0.2703125 0.18906250000000005 0.4484375 0.3140625000000001 0.4484375
1 0.6875 0.11875000000000009 0.6625 0.11875000000000009 0.6625 0.13437500000000008 0.6875 0.13437500000000008
1 0.7046875 0.09375000000000008 0.684375 0.09375000000000008 0.684375 0.10781250000000009 0.7046875 0.10781250000000009
1 0.5390625 0.3000000000000001 0.496875 0.3000000000000001 0.496875 0.3296875000000001 0.5390625 0.3296875000000001
1 0.640625 0.1671875000000001 0.615625 0.1671875000000001 0.615625 0.18750000000000008 0.640625 0.18750000000000008
1 0.6109375 0.2156250000000001 0.5734375 0.2156250000000001 0.5734375 0.2390625000000001 0.6109375 0.2390625000000001
0 0.03125000000000004 0.2953125 3.6165350787320275e-17 0.2953125 4.018372309702253e-17 0.3609375 0.03125000000000004 0.3609375
1 0.6265625 0.2000000000000001 0.5921875 0.2000000000000001 0.5921875 0.2234375000000001 0.6265625 0.2234375000000001
1 0.603125 0.2500000000000001 0.54375 0.2500000000000001 0.54375 0.2843750000000001 0.603125 0.2843750000000001
1 0.6515625 0.1468750000000001 0.6171875 0.1468750000000001 0.6171875 0.16562500000000008 0.6515625 0.16562500000000008
0 0.978125 0.043750000000000115 0.9328125 0.04375000000000011 0.9328125 0.0875000000000001 0.978125 0.0875000000000001
1 0.58125 0.2890625000000001 0.5328125 0.2890625000000001 0.5328125 0.3187500000000001 0.58125 0.3187500000000001
1 0.6 0.2718750000000001 0.55 0.2718750000000001 0.55 0.3031250000000001 0.6 0.3031250000000001
0 0.825 0.1390625000000001 0.796875 0.1390625000000001 0.796875 0.17187500000000008 0.825 0.17187500000000008
0 0.9984375 0.3156250000000001 0.959375 0.3156250000000001 0.959375 0.37968750000000007 0.9984375 0.37968750000000007
1 0.65625 0.1984375000000001 0.625 0.1984375000000001 0.625 0.2234375000000001 0.65625 0.2234375000000001
0 0.8140625 0.1750000000000001 0.7859375 0.1750000000000001 0.7859375 0.2156250000000001 0.8140625 0.2156250000000001
1 0.603125 0.23593750000000008 0.55625 0.23593750000000008 0.55625 0.26250000000000007 0.603125 0.26250000000000007
1 0.6890625 0.14062500000000008 0.6609375 0.14062500000000008 0.6609375 0.1593750000000001 0.6890625 0.1593750000000001
0 0.671875 0.06406250000000008 0.634375 0.06406250000000006 0.634375 0.09375000000000008 0.671875 0.09375000000000008
0 0.9515625 0.009375000000000116 0.91875 0.009375000000000114 0.91875 0.02812500000000011 0.9515625 0.02812500000000011
0 0.703125 0.5078125 0.55625 0.5078125 0.55625 0.653125 0.703125 0.653125