1 0.6953125 0.10937500000000008 0.6734375 0.10937500000000008 0.6734375 0.12500000000000008 0.6953125 0.12500000000000008
1 0.5203125 0.3187500000000001 0.4734375 0.3187500000000001 0.4734375 0.3500000000000001 0.5203125 0.3500000000000001
1 0.690625 0.11562500000000009 0.6671875 0.11562500000000009 0.6671875 0.1312500000000001 0.690625 0.1312500000000001
1 0.6140625 0.2000000000000001 0.58125 0.2000000000000001 0.58125 0.2234375000000001 0.6140625 0.2234375000000001
1 0.678125 0.1281250000000001 0.653125 0.1281250000000001 0.653125 0.1453125000000001 0.678125 0.1453125000000001
1 0.5015625 0.3421875000000001 0.446875 0.3421875000000001 0.446875 0.3921875000000001 0.5015625 0.3921875000000001
1 0.7234375 0.06406250000000009 0.70625 0.06406250000000009 0.70625 0.0750000000000001 0.7234375 0.0750000000000001
1 0.5734375 0.2562500000000001 0.5359375 0.2562500000000001 0.5359375 0.2843750000000001 0.5734375 0.2843750000000001
0 0.9859375 0.7015625000000002 0.8296875 0.7015625000000002 0.8296875 0.8796875 0.9859375 0.8796875
1 0.6515625 0.1531250000000001 0.6171875 0.1531250000000001 0.6171875 0.1750000000000001 0.6515625 0.1750000000000001
1 0.55625 0.29375000000000007 0.5171875 0.29375000000000007 0.5171875 0.3218750000000001 0.55625 0.3218750000000001
1 0.7046875 0.09687500000000009 0.6828125 0.09687500000000009 0.6828125 0.11250000000000009 0.7046875 0.11250000000000009
1 0.66875 0.14062500000000008 0.6390625 0.14062500000000008 0.6390625 0.1593750000000001 0.66875 0.1593750000000001
1 0.6328125 0.1765625000000001 0.5984375 0.1765625000000001 0.5984375 0.1984375000000001 0.6328125 0.1984375000000001
0 0.33281250000000007 0.3046875 0.2125 0.3046875 0.21250000000000005 0.4515625 0.33281250000000007 0.4515625