0 0.057812500000000044 0.2828125 3.463454228838608e-17 0.2828125 4.085345181530624e-17 0.384375 0.057812500000000044 0.384375
1 0.6375 0.17968750000000008 0.6109375 0.17968750000000008 0.6109375 0.2000000000000001 0.6375 0.2000000000000001
1 0.61875 0.19531250000000008 0.5828125 0.19531250000000008 0.5828125 0.2171875000000001 0.61875 0.2171875000000001
1 0.6578125 0.17187500000000008 0.6265625 0.17187500000000008 0.6265625 0.1906250000000001 0.6578125 0.1906250000000001
1 0.70625 0.08906250000000009 0.684375 0.08906250000000009 0.684375 0.10156250000000008 0.70625 0.10156250000000008
0 0.9515625 0.26250000000000007 0.8453125 0.26250000000000007 0.8453125 0.40156250000000016 0.9515625 0.40156250000000016
1 0.7328125 0.0750000000000001 0.7140625 0.0750000000000001 0.7140625 0.08750000000000009 0.7328125 0.08750000000000009
0 0.35937500000000006 0.346875 0.18437500000000004 0.346875 0.18437500000000004 0.4453125 0.3593750000000001 0.4453125
1 0.603125 0.2234375000000001 0.5625 0.2234375000000001 0.5625 0.2468750000000001 0.603125 0.2468750000000001
1 0.721875 0.08750000000000009 0.7015625 0.08750000000000009 0.7015625 0.10000000000000009 0.721875 0.10000000000000009
0 0.590625 0.5234375 0.465625 0.5234375 0.465625 0.6640625 0.590625 0.6640625
1 0.7203125 0.08125000000000009 0.6984375 0.08125000000000009 0.6984375 0.09375000000000008 0.7203125 0.09375000000000008
1 0.5671875 0.3265625000000001 0.51875 0.3265625000000001 0.51875 0.3593750000000001 0.5671875 0.3593750000000001
0 0.946875 0.6890625000000001 0.8078125 0.6890625000000001 0.8078125 0.865625 0.946875 0.865625
1 0.6859375 0.1062500000000001 0.6578125 0.1062500000000001 0.6578125 0.1312500000000001 0.6859375 0.1312500000000001