0 0.871875 0.0453125000000001 0.784375 0.0453125000000001 0.784375 0.1515625000000001 0.871875 0.1515625000000001
1 0.4109375 0.09062500000000004 0.38125 0.09062500000000004 0.38125 0.11562500000000005 0.4109375 0.11562500000000005
0 0.9875 0.7734375000000001 0.6703125000000002 0.7734375 0.6703125000000002 1 0.9875 1
1 0.303125 0.03750000000000003 0.2609375 0.03750000000000003 0.2609375 0.06562500000000003 0.303125 0.06562500000000004
0 0.31562500000000004 0.265625 0.18906250000000005 0.265625 0.18906250000000005 0.3953125 0.3156250000000001 0.3953125
1 0.4578125 0.08125000000000006 0.4140625 0.08125000000000004 0.4140625 0.10781250000000005 0.4578125 0.10781250000000005
0 0.46875 0.15937500000000004 0.3796875 0.15937500000000004 0.3796875 0.2671875000000001 0.46875 0.2671875000000001
1 0.2640625 0.01718750000000003 0.2171875 0.01718750000000003 0.2171875 0.03906250000000003 0.2640625 0.039062500000000035
1 0.4296875 0.06406250000000005 0.3875 0.06406250000000005 0.3875 0.08750000000000005 0.4296875 0.08750000000000005
1 0.5390625 0.14218750000000005 0.4796875 0.14218750000000005 0.4796875 0.16406250000000006 0.5390625 0.16406250000000006
1 0.215625 2.4110233858213517e-17 0.178125 2.181402110981223e-17 0.178125 0.014062500000000025 0.215625 0.014062500000000028