0 0.30625 0.2984375 0.2109375 0.2984375 0.21093750000000006 0.3828125 0.3062500000000001 0.3828125
1 0.68125 0.2468750000000001 0.6390625 0.2468750000000001 0.6390625 0.2687500000000001 0.68125 0.2687500000000001
1 0.79375 0.08750000000000009 0.7734375 0.08750000000000009 0.7734375 0.10000000000000009 0.79375 0.10000000000000009
1 0.671875 0.2609375000000001 0.625 0.2609375000000001 0.625 0.2906250000000001 0.671875 0.2906250000000001
0 0.07968750000000004 0.2375 0.0015625000000000291 0.2375 0.001562500000000034 0.31875 0.07968750000000005 0.31875
1 0.609375 0.32500000000000007 0.5578125 0.32500000000000007 0.5578125 0.3625000000000001 0.609375 0.3625000000000001
1 0.678125 0.2234375000000001 0.6375 0.2234375000000001 0.6375 0.24218750000000008 0.678125 0.24218750000000008
1 0.759375 0.1296875000000001 0.7328125 0.1296875000000001 0.7328125 0.14843750000000008 0.759375 0.14843750000000008
0 0.853125 0.11875000000000009 0.8171875 0.11875000000000009 0.8171875 0.15625000000000008 0.853125 0.15625000000000008
1 0.765625 0.1437500000000001 0.740625 0.1437500000000001 0.740625 0.16406250000000008 0.765625 0.16406250000000008
0 0.571875 0.4578125 0.45625 0.4578125 0.45625 0.5796875 0.571875 0.5796875
1 0.7484375 0.16406250000000008 0.71875 0.16406250000000008 0.71875 0.18125000000000008 0.7484375 0.18125000000000008
1 0.7484375 0.14843750000000008 0.7203125 0.14843750000000008 0.7203125 0.16562500000000008 0.7484375 0.16562500000000008
1 0.725 0.1687500000000001 0.6953125 0.1687500000000001 0.6953125 0.18750000000000008 0.725 0.18750000000000008
1 0.7125 0.19531250000000008 0.684375 0.19531250000000008 0.684375 0.2156250000000001 0.7125 0.2156250000000001
0 0.9984375 0.5906250000000002 0.875 0.5906250000000002 0.875 0.8046875 0.9984375 0.8046875
1 0.7796875 0.10156250000000008 0.7546875 0.10156250000000008 0.7546875 0.11562500000000009 0.7796875 0.11562500000000009
1 0.7359375 0.19531250000000008 0.6984375 0.19531250000000008 0.6984375 0.21093750000000008 0.7359375 0.21093750000000008
1 0.7875 0.11562500000000009 0.7578125 0.11562500000000009 0.7578125 0.13437500000000008 0.7875 0.13437500000000008
1 0.74375 0.1390625000000001 0.71875 0.1390625000000001 0.71875 0.15625000000000008 0.74375 0.15625000000000008
0 0.796875 0.5109375 0.6078125 0.5109375 0.6078125 0.6328125000000001 0.796875 0.6328125000000002
0 0.88125 0.1453125000000001 0.8421875 0.1453125000000001 0.8421875 0.17968750000000008 0.88125 0.17968750000000008
0 0.859375 0.08906250000000011 0.8296875 0.08906250000000011 0.8296875 0.1218750000000001 0.859375 0.1218750000000001
0 0.73125 0.10156250000000008 0.6984375 0.10156250000000008 0.6984375 0.1218750000000001 0.73125 0.1218750000000001