0 0.28125000000000006 0.3265625 0.16406250000000006 0.3265625 0.16406250000000006 0.4234375 0.2812500000000001 0.4234375
1 0.7703125 0.11875000000000009 0.7421875 0.11875000000000009 0.7421875 0.13437500000000008 0.7703125 0.13437500000000008
1 0.759375 0.13437500000000008 0.7328125 0.13437500000000008 0.7328125 0.15000000000000008 0.759375 0.15000000000000008
0 0.07500000000000004 0.215625 2.6406446606614805e-17 0.215625 3.300805825826851e-17 0.3234375 0.07500000000000004 0.3234375
1 0.671875 0.23593750000000008 0.6421875 0.23593750000000008 0.6421875 0.2609375000000001 0.671875 0.2609375000000001
1 0.6609375 0.2750000000000001 0.6203125 0.2750000000000001 0.6203125 0.3000000000000001 0.6609375 0.3000000000000001
0 0.353125 0.25 0.265625 0.25 0.265625 0.3421875 0.353125 0.3421875
1 0.796875 0.10000000000000009 0.7671875 0.10000000000000009 0.7671875 0.11875000000000009 0.796875 0.11875000000000009
1 0.7078125 0.2015625000000001 0.6703125 0.2015625000000001 0.6703125 0.2250000000000001 0.7078125 0.2250000000000001
0 0.4171875 0.35937500000000006 0.3015625 0.359375 0.30156250000000007 0.4296875 0.4171875 0.4296875
0 0.946875 0.2640625000000001 0.903125 0.2640625000000001 0.903125 0.3546875000000001 0.946875 0.3546875000000001
1 0.790625 0.08750000000000009 0.771875 0.08750000000000009 0.771875 0.10312500000000009 0.790625 0.10312500000000009
1 0.659375 0.2531250000000001 0.621875 0.2531250000000001 0.621875 0.27812500000000007 0.659375 0.27812500000000007
0 0.878125 0.14218750000000008 0.8421875 0.14218750000000008 0.8421875 0.17968750000000008 0.878125 0.17968750000000008
1 0.740625 0.1703125000000001 0.7078125 0.1703125000000001 0.7078125 0.18906250000000008 0.740625 0.18906250000000008
0 0.8515625 0.12031250000000009 0.815625 0.12031250000000009 0.815625 0.15781250000000008 0.8515625 0.15781250000000008
1 0.7453125 0.1437500000000001 0.71875 0.1437500000000001 0.71875 0.1593750000000001 0.7453125 0.1593750000000001
0 0.728125 0.10156250000000008 0.6875 0.10156250000000008 0.6875 0.12500000000000008 0.728125 0.12500000000000008
0 0.8578125 0.10000000000000009 0.8296875 0.10000000000000009 0.8296875 0.1296875000000001 0.8578125 0.1296875000000001
1 0.7859375 0.11250000000000009 0.7609375 0.11250000000000009 0.7609375 0.12656250000000008 0.7859375 0.12656250000000008