1 0.628125 0.1765625000000001 0.596875 0.1765625000000001 0.596875 0.19531250000000008 0.628125 0.19531250000000008
1 0.678125 0.11562500000000009 0.6546875 0.11562500000000009 0.6546875 0.1312500000000001 0.678125 0.1312500000000001
0 0.9890625 0.7000000000000002 0.8375 0.7000000000000002 0.8375 0.88125 0.9890625 0.88125
1 0.6515625 0.1515625000000001 0.6234375 0.1515625000000001 0.6234375 0.1671875000000001 0.6515625 0.1671875000000001
1 0.7 0.10000000000000009 0.6765625 0.10000000000000009 0.6765625 0.1140625000000001 0.7 0.1140625000000001
1 0.6484375 0.16406250000000008 0.6109375 0.16406250000000008 0.6109375 0.1859375000000001 0.6484375 0.1859375000000001
1 0.7 0.09218750000000009 0.6796875 0.09218750000000009 0.6796875 0.1062500000000001 0.7 0.1062500000000001
1 0.6671875 0.1390625000000001 0.646875 0.1390625000000001 0.646875 0.1531250000000001 0.6671875 0.1531250000000001
1 0.684375 0.10781250000000009 0.6609375 0.10781250000000009 0.6609375 0.12343750000000009 0.684375 0.12343750000000009
1 0.7078125 0.08593750000000008 0.684375 0.08593750000000008 0.684375 0.10156250000000008 0.7078125 0.10156250000000008
1 0.721875 0.0671875000000001 0.696875 0.0671875000000001 0.696875 0.08437500000000009 0.721875 0.08437500000000009
1 0.5984375 0.2484375000000001 0.553125 0.2484375000000001 0.553125 0.2687500000000001 0.5984375 0.2687500000000001
1 0.728125 0.06093750000000009 0.7109375 0.06093750000000009 0.7109375 0.0750000000000001 0.728125 0.0750000000000001
1 0.7140625 0.07656250000000009 0.69375 0.07656250000000009 0.69375 0.09375000000000008 0.7140625 0.09375000000000008