0 0.19218750000000004 0.284375 0.08125000000000004 0.284375 0.08125000000000004 0.3703125 0.19218750000000004 0.3703125
1 0.575 0.2890625000000001 0.5421875 0.2890625000000001 0.5421875 0.3218750000000001 0.575 0.3218750000000001
0 0.615625 0.484375 0.521875 0.484375 0.521875 0.6125 0.615625 0.6125
1 0.7015625 0.2515625000000001 0.6671875 0.2515625000000001 0.6671875 0.2765625000000001 0.7015625 0.2765625000000001
1 0.7125 0.2328125000000001 0.6765625 0.2328125000000001 0.6765625 0.2578125000000001 0.7125 0.2578125000000001
1 0.6546875 0.2218750000000001 0.621875 0.2218750000000001 0.621875 0.2453125000000001 0.6546875 0.2453125000000001
0 1 0.5375000000000002 0.8453125 0.5375000000000002 0.8453125 0.815625 1 0.815625
1 0.6890625 0.1843750000000001 0.6609375 0.1843750000000001 0.6609375 0.20468750000000008 0.6890625 0.20468750000000008
1 0.771875 0.0906250000000001 0.746875 0.0906250000000001 0.746875 0.10937500000000008 0.771875 0.10937500000000008
1 0.6328125 0.2453125000000001 0.5859375 0.2453125000000001 0.5859375 0.2718750000000001 0.6328125 0.2718750000000001
1 0.678125 0.2656250000000001 0.65 0.2656250000000001 0.65 0.2921875000000001 0.678125 0.2921875000000001
1 0.7125 0.16562500000000008 0.675 0.16562500000000008 0.675 0.1828125000000001 0.7125 0.1828125000000001
1 0.7921875 0.11093750000000009 0.7640625 0.11093750000000009 0.7640625 0.12656250000000008 0.7921875 0.12656250000000008
1 0.6609375 0.19687500000000008 0.6390625 0.19687500000000008 0.6390625 0.2234375000000001 0.6609375 0.2234375000000001
1 0.7359375 0.11250000000000009 0.70625 0.11250000000000009 0.70625 0.1625000000000001 0.7359375 0.1625000000000001
1 0.7734375 0.1281250000000001 0.7390625 0.1281250000000001 0.7390625 0.1703125000000001 0.7734375 0.1703125000000001
1 0.809375 0.06875000000000009 0.79375 0.06875000000000009 0.79375 0.11562500000000009 0.809375 0.11562500000000009
1 0.546875 0.3000000000000001 0.490625 0.3000000000000001 0.490625 0.3906250000000001 0.546875 0.3906250000000001