1 0.7453125 0.1859375000000001 0.7171875 0.1859375000000001 0.7171875 0.20468750000000008 0.7453125 0.20468750000000008
1 0.7890625 0.11718750000000008 0.7671875 0.11718750000000008 0.7671875 0.13281250000000008 0.7890625 0.13281250000000008
1 0.771875 0.12500000000000008 0.746875 0.12500000000000008 0.746875 0.1437500000000001 0.771875 0.1437500000000001
1 0.7296875 0.19687500000000008 0.7 0.19687500000000008 0.7 0.2156250000000001 0.7296875 0.2156250000000001
1 0.7375 0.15781250000000008 0.7125 0.15781250000000008 0.7125 0.17343750000000008 0.7375 0.17343750000000008
1 0.8125 0.0906250000000001 0.79375 0.0906250000000001 0.79375 0.10312500000000009 0.8125 0.10312500000000009
0 0.5921875 0.4890625 0.478125 0.4890625 0.478125 0.6125 0.5921875 0.6125
1 0.6828125 0.2234375000000001 0.6390625 0.2234375000000001 0.6390625 0.2515625000000001 0.6828125 0.2515625000000001
1 0.7703125 0.10781250000000009 0.75 0.10781250000000009 0.75 0.1218750000000001 0.7703125 0.1218750000000001
1 0.6359375 0.2875000000000001 0.5953125 0.2875000000000001 0.5953125 0.31718750000000007 0.6359375 0.31718750000000007
1 0.6796875 0.26250000000000007 0.6421875 0.26250000000000007 0.6421875 0.2890625000000001 0.6796875 0.2890625000000001
1 0.803125 0.08125000000000009 0.78125 0.08125000000000009 0.78125 0.09375000000000008 0.803125 0.09375000000000008
1 0.665625 0.27812500000000007 0.625 0.27812500000000007 0.625 0.3078125000000001 0.665625 0.3078125000000001
1 0.603125 0.3421875000000001 0.5578125 0.3421875000000001 0.5578125 0.3828125000000001 0.603125 0.3828125000000001
0 0.12812500000000004 0.2359375 0.012500000000000028 0.2359375 0.012500000000000035 0.3421875 0.12812500000000004 0.3421875
0 1 0.5750000000000002 0.9109375 0.5750000000000002 0.9109375 0.878125 1 0.878125