1 0.703125 0.0906250000000001 0.690625 0.0906250000000001 0.690625 0.10312500000000009 0.703125 0.10312500000000009
1 0.690625 0.11562500000000009 0.6625 0.11562500000000009 0.6625 0.1359375000000001 0.690625 0.1359375000000001
1 0.6578125 0.14843750000000008 0.63125 0.14843750000000008 0.63125 0.1671875000000001 0.6578125 0.1671875000000001
0 0.8265625 0.1359375000000001 0.7953125 0.1359375000000001 0.7953125 0.17968750000000008 0.8265625 0.17968750000000008
1 0.6265625 0.20312500000000008 0.5890625 0.20312500000000008 0.5890625 0.2250000000000001 0.6265625 0.2250000000000001
0 0.796875 0.11093750000000009 0.7671875 0.11093750000000009 0.7671875 0.1453125000000001 0.796875 0.1453125000000001
0 0.978125 0.043750000000000115 0.9328125 0.04375000000000011 0.9328125 0.08906250000000011 0.978125 0.08906250000000011
0 0.8171875 0.1828125000000001 0.7859375 0.1828125000000001 0.7859375 0.2156250000000001 0.8171875 0.2156250000000001
0 0.8796875 0.039062500000000104 0.84375 0.0390625000000001 0.84375 0.0718750000000001 0.8796875 0.0718750000000001
0 1 0.6281250000000002 0.8171875 0.6281250000000002 0.8171875 0.8640625 1 0.8640625
0 0.3296875000000001 0.365625 0.19687500000000005 0.365625 0.19687500000000005 0.4546875 0.3296875000000001 0.4546875