1 0.565625 0.31718750000000007 0.5078125 0.31718750000000007 0.5078125 0.3500000000000001 0.565625 0.3500000000000001
1 0.6375 0.1687500000000001 0.6078125 0.1687500000000001 0.6078125 0.18750000000000008 0.6375 0.18750000000000008
1 0.5421875 0.3515625000000001 0.48125 0.3515625000000001 0.48125 0.3843750000000001 0.5421875 0.3843750000000001
1 0.6765625 0.16406250000000008 0.6484375 0.16406250000000008 0.6484375 0.18125000000000008 0.6765625 0.18125000000000008
0 0.8375 0.64375 0.70625 0.64375 0.70625 0.809375 0.8375 0.809375
0 1 0.6906250000000002 0.871875 0.6906250000000002 0.871875 0.903125 1 0.903125
1 0.6859375 0.1218750000000001 0.6609375 0.1218750000000001 0.6609375 0.1375000000000001 0.6859375 0.1375000000000001
1 0.7203125 0.06093750000000009 0.7046875 0.06093750000000009 0.7046875 0.07187500000000009 0.7203125 0.07187500000000009
1 0.7015625 0.0984375000000001 0.68125 0.0984375000000001 0.68125 0.1140625000000001 0.7015625 0.1140625000000001
0 0.428125 0.4484375 0.3265625000000001 0.4484375 0.3265625000000001 0.565625 0.428125 0.565625
1 0.7140625 0.09531250000000009 0.690625 0.09531250000000009 0.690625 0.10937500000000008 0.7140625 0.10937500000000008
0 0.29218750000000004 0.275 0.16718750000000004 0.275 0.16718750000000004 0.45 0.2921875000000001 0.45
1 0.6890625 0.11093750000000009 0.6671875 0.11093750000000009 0.6671875 0.1281250000000001 0.6890625 0.1281250000000001
1 0.63125 0.1828125000000001 0.590625 0.1828125000000001 0.590625 0.2078125000000001 0.63125 0.2078125000000001