0 0.7296875 0.5921875000000001 0.6140625 0.5921875 0.6140625000000001 0.7453125 0.7296875000000002 0.7453125000000002
0 0.4234375 0.4703125 0.3218750000000001 0.4703125 0.3218750000000001 0.603125 0.4234375 0.603125
0 0.6359375 0.559375 0.534375 0.559375 0.534375 0.703125 0.6359375 0.703125
1 0.6953125 0.10937500000000008 0.66875 0.10937500000000008 0.66875 0.12656250000000008 0.6953125 0.12656250000000008
1 0.5578125 0.2671875000000001 0.5109375 0.2671875000000001 0.5109375 0.3000000000000001 0.5578125 0.3000000000000001
1 0.6609375 0.15625000000000008 0.6390625 0.15625000000000008 0.6390625 0.17343750000000008 0.6609375 0.17343750000000008
1 0.63125 0.1859375000000001 0.6015625 0.1859375000000001 0.6015625 0.2062500000000001 0.63125 0.2062500000000001
1 0.653125 0.16562500000000008 0.621875 0.16562500000000008 0.621875 0.1843750000000001 0.653125 0.1843750000000001
0 0.31875000000000003 0.30625 0.2359375 0.30625 0.23593750000000005 0.4515625 0.3187500000000001 0.4515625
1 0.7359375 0.05937500000000009 0.7171875 0.05937500000000009 0.7171875 0.07031250000000008 0.7359375 0.07031250000000008
1 0.715625 0.07812500000000008 0.6953125 0.07812500000000008 0.6953125 0.09218750000000009 0.715625 0.09218750000000009
1 0.703125 0.0906250000000001 0.68125 0.0906250000000001 0.68125 0.10468750000000009 0.703125 0.10468750000000009
1 0.675 0.1390625000000001 0.65 0.1390625000000001 0.65 0.15625000000000008 0.675 0.15625000000000008
1 0.6234375 0.20468750000000008 0.5796875 0.20468750000000008 0.5796875 0.23593750000000008 0.6234375 0.23593750000000008
1 0.590625 0.21875000000000008 0.546875 0.21875000000000008 0.546875 0.2671875000000001 0.590625 0.2671875000000001