0 0.4640625 0.4125 0.2984375000000001 0.4125 0.2984375000000001 0.6171875 0.4640625 0.6171875
1 0.6390625 0.17343750000000008 0.6078125 0.17343750000000008 0.6078125 0.1906250000000001 0.6390625 0.1906250000000001
1 0.6609375 0.14843750000000008 0.634375 0.14843750000000008 0.634375 0.16406250000000008 0.6609375 0.16406250000000008
1 0.7109375 0.07656250000000009 0.690625 0.07656250000000009 0.690625 0.09218750000000009 0.7109375 0.09218750000000009
1 0.6359375 0.1937500000000001 0.603125 0.1937500000000001 0.603125 0.21093750000000008 0.6359375 0.21093750000000008
0 0.3359375000000001 0.4265625 0.2328125000000001 0.4265625 0.2328125000000001 0.5546875 0.3359375000000001 0.5546875
0 0.17187500000000006 0.35625 0.04531250000000005 0.35625 0.04531250000000005 0.465625 0.17187500000000006 0.465625
1 0.6703125 0.1281250000000001 0.6421875 0.1281250000000001 0.6421875 0.1453125000000001 0.6703125 0.1453125000000001
1 0.6953125 0.10781250000000009 0.6734375 0.10781250000000009 0.6734375 0.12500000000000008 0.6953125 0.12500000000000008
0 0.6859375 0.471875 0.5125 0.471875 0.5125 0.6296875 0.6859375 0.6296875
1 0.565625 0.2531250000000001 0.525 0.2531250000000001 0.525 0.2812500000000001 0.565625 0.2812500000000001
1 0.521875 0.3234375000000001 0.4796875 0.3234375000000001 0.4796875 0.3531250000000001 0.521875 0.3531250000000001
0 0.675 0.050000000000000086 0.6359375 0.050000000000000086 0.6359375 0.09218750000000009 0.675 0.09218750000000009
1 0.6796875 0.11562500000000009 0.65625 0.11562500000000009 0.65625 0.1312500000000001 0.6796875 0.1312500000000001
1 0.6015625 0.22656250000000008 0.55625 0.22656250000000008 0.55625 0.2515625000000001 0.6015625 0.2515625000000001
1 0.5 0.3359375000000001 0.4328125 0.3359375000000001 0.4328125 0.3859375000000001 0.5 0.3859375000000001
1 0.496875 0.3593750000000001 0.4109375 0.3593750000000001 0.4109375 0.4171875 0.496875 0.4171875
1 0.5609375 0.2796875000000001 0.503125 0.2796875000000001 0.503125 0.3187500000000001 0.5609375 0.3187500000000001
1 0.625 0.20468750000000008 0.5734375 0.20468750000000008 0.5734375 0.2406250000000001 0.625 0.2406250000000001