1 0.715625 0.0750000000000001 0.7046875 0.0750000000000001 0.7046875 0.08593750000000008 0.715625 0.08593750000000008
1 0.70625 0.09531250000000009 0.68125 0.09531250000000009 0.68125 0.11093750000000009 0.70625 0.11093750000000009
1 0.653125 0.16562500000000008 0.621875 0.16562500000000008 0.621875 0.1828125000000001 0.653125 0.1828125000000001
0 0.409375 0.4203125 0.2750000000000001 0.4203125 0.2750000000000001 0.5875 0.409375 0.5875
1 0.678125 0.1218750000000001 0.6546875 0.1218750000000001 0.6546875 0.1375000000000001 0.678125 0.1375000000000001
0 0.953125 0.6765625000000002 0.7921875 0.6765625000000002 0.7921875 0.83125 0.953125 0.83125
0 0.7984375 0.10781250000000009 0.7625 0.10781250000000009 0.7625 0.1359375000000001 0.7984375 0.1359375000000001
0 0.978125 0.043750000000000115 0.93125 0.04375000000000011 0.93125 0.0875000000000001 0.978125 0.0875000000000001
0 1 0.3140625000000001 0.9578125 0.3140625000000001 0.9578125 0.3812500000000001 1 0.3812500000000001
1 0.5203125 0.33281250000000007 0.4734375 0.33281250000000007 0.4734375 0.3687500000000001 0.5203125 0.3687500000000001
0 0.81875 0.14062500000000008 0.790625 0.14062500000000008 0.790625 0.18750000000000008 0.81875 0.18750000000000008
0 0.88125 0.03437500000000011 0.84375 0.0343750000000001 0.84375 0.07031250000000011 0.88125 0.07031250000000011
0 0.9515625 0.009375000000000116 0.91875 0.009375000000000114 0.91875 0.02812500000000011 0.9515625 0.02812500000000011