1 0.6796875 0.12031250000000009 0.6546875 0.12031250000000009 0.6546875 0.1375000000000001 0.6796875 0.1375000000000001
1 0.7125 0.0906250000000001 0.684375 0.0906250000000001 0.684375 0.1062500000000001 0.7125 0.1062500000000001
1 0.609375 0.2140625000000001 0.58125 0.2140625000000001 0.58125 0.23593750000000008 0.609375 0.23593750000000008
1 0.7046875 0.11562500000000009 0.6671875 0.11562500000000009 0.6671875 0.13437500000000008 0.7046875 0.13437500000000008
0 0.25468750000000007 0.3796875 0.13281250000000006 0.3796875 0.13281250000000006 0.490625 0.25468750000000007 0.490625
1 0.675 0.1453125000000001 0.646875 0.1453125000000001 0.646875 0.16406250000000008 0.675 0.16406250000000008
1 0.5578125 0.27812500000000007 0.51875 0.27812500000000007 0.51875 0.3078125000000001 0.5578125 0.3078125000000001
1 0.6703125 0.13437500000000008 0.640625 0.13437500000000008 0.640625 0.1531250000000001 0.6703125 0.1531250000000001
1 0.73125 0.0906250000000001 0.7078125 0.0906250000000001 0.7078125 0.10312500000000009 0.73125 0.10312500000000009
1 0.6 0.2687500000000001 0.55 0.2687500000000001 0.55 0.2984375000000001 0.6 0.2984375000000001
1 0.7 0.10468750000000009 0.66875 0.10468750000000009 0.66875 0.11875000000000009 0.7 0.11875000000000009
0 0.6890625 0.4421875 0.5546875 0.4421875 0.5546875 0.6390625 0.6890625 0.6390625
0 1 0.6406250000000002 0.8484375 0.6406250000000002 0.8484375 0.903125 1 0.903125
1 0.7171875 0.06562500000000009 0.696875 0.06562500000000009 0.696875 0.0828125000000001 0.7171875 0.0828125000000001
1 0.703125 0.09687500000000009 0.6765625 0.09687500000000009 0.6765625 0.11093750000000009 0.703125 0.11093750000000009
1 0.653125 0.1546875000000001 0.625 0.1546875000000001 0.625 0.17187500000000008 0.653125 0.17187500000000008
1 0.65625 0.18750000000000008 0.625 0.18750000000000008 0.625 0.2078125000000001 0.65625 0.2078125000000001
1 0.5125 0.34843750000000007 0.4625 0.34843750000000007 0.4625 0.38750000000000007 0.5125 0.38750000000000007
0 0.840625 0.0843750000000001 0.8078125 0.08437500000000009 0.8078125 0.13437500000000008 0.840625 0.13437500000000008
0 0.8046875 0.1062500000000001 0.7578125 0.1062500000000001 0.7578125 0.1453125000000001 0.8046875 0.1453125000000001
1 0.625 0.2015625000000001 0.596875 0.2015625000000001 0.596875 0.2218750000000001 0.625 0.2218750000000001
0 0.978125 0.043750000000000115 0.9328125 0.04375000000000011 0.9328125 0.08906250000000011 0.978125 0.08906250000000011
0 0.8359375 0.11875000000000009 0.7953125 0.11875000000000009 0.7953125 0.16406250000000008 0.8359375 0.16406250000000008
0 1 0.31718750000000007 0.959375 0.31718750000000007 0.959375 0.3828125000000001 1 0.3828125000000001
1 0.7421875 0.06562500000000009 0.7234375 0.06562500000000009 0.7234375 0.07812500000000008 0.7421875 0.07812500000000008
0 0.8203125 0.1531250000000001 0.7875 0.1531250000000001 0.7875 0.18906250000000008 0.8203125 0.18906250000000008
1 0.6890625 0.09375000000000008 0.6578125 0.09375000000000008 0.6578125 0.10781250000000009 0.6890625 0.10781250000000009
0 0.9515625 0.009375000000000116 0.91875 0.009375000000000114 0.91875 0.02812500000000011 0.9515625 0.02812500000000011
0 0.8796875 0.03593750000000011 0.84375 0.0359375000000001 0.84375 0.07343750000000011 0.8796875 0.07343750000000011
0 0.81875 0.1828125000000001 0.7859375 0.1828125000000001 0.7859375 0.2171875000000001 0.81875 0.2171875000000001
0 1 0.40156250000000016 0.959375 0.40156250000000016 0.959375 0.4703125000000002 1 0.4703125000000002