1 0.7390625 0.16562500000000008 0.7 0.16562500000000008 0.7 0.2171875000000001 0.7390625 0.2171875000000001
1 0.6265625 0.3421875000000001 0.5953125 0.3421875000000001 0.5953125 0.37968750000000007 0.6265625 0.37968750000000007
0 0.9421875 0.6468750000000002 0.8109375 0.6468750000000002 0.8109375 0.7671875000000001 0.9421875 0.7671875000000001
1 0.596875 0.3375000000000001 0.540625 0.3375000000000001 0.540625 0.4171875 0.596875 0.4171875
0 0.453125 0.4109375 0.3609375000000001 0.4109375 0.3609375000000001 0.5234375 0.453125 0.5234375
0 0.21093750000000006 0.2953125 0.09687500000000004 0.2953125 0.09687500000000004 0.384375 0.21093750000000008 0.384375
0 0.36562500000000003 0.30312500000000003 0.271875 0.303125 0.27187500000000003 0.38593750000000004 0.3656250000000001 0.3859375000000001
1 0.66875 0.1984375000000001 0.640625 0.1984375000000001 0.640625 0.22031250000000008 0.66875 0.22031250000000008
1 0.515625 0.3187500000000001 0.4609375 0.3187500000000001 0.4609375 0.4078125 0.515625 0.4078125
0 0.765625 0.3968750000000001 0.6765625 0.3968750000000001 0.6765625 0.5390625000000001 0.765625 0.5390625000000002
1 0.65 0.2093750000000001 0.615625 0.2093750000000001 0.615625 0.2375000000000001 0.65 0.2375000000000001
0 1 0.5031250000000002 0.921875 0.5031250000000002 0.921875 0.6968750000000001 1 0.6968750000000001
0 0.709375 0.5 0.5984375 0.5 0.5984375 0.5859375 0.709375 0.5859375
1 0.690625 0.2468750000000001 0.64375 0.2468750000000001 0.64375 0.2765625000000001 0.690625 0.2765625000000001
1 0.7046875 0.1593750000000001 0.678125 0.1593750000000001 0.678125 0.17968750000000008 0.7046875 0.17968750000000008
0 0.4171875 0.36562500000000003 0.33281250000000007 0.365625 0.33281250000000007 0.4296875 0.4171875 0.4296875
1 0.5421875 0.34843750000000007 0.5125 0.34843750000000007 0.5125 0.3781250000000001 0.5421875 0.3781250000000001
1 0.6203125 0.2609375000000001 0.5734375 0.2609375000000001 0.5734375 0.2968750000000001 0.6203125 0.2968750000000001