1 0.63125 0.1921875000000001 0.59375 0.1921875000000001 0.59375 0.21875000000000008 0.63125 0.21875000000000008
0 0.25468750000000007 0.403125 0.15468750000000003 0.403125 0.15468750000000003 0.50625 0.25468750000000007 0.50625
0 1 0.6234375000000002 0.946875 0.6234375000000002 0.946875 0.7468750000000002 1 0.7468750000000002
1 0.56875 0.2609375000000001 0.528125 0.2609375000000001 0.528125 0.2906250000000001 0.56875 0.2906250000000001
1 0.65625 0.14843750000000008 0.6390625 0.14843750000000008 0.6390625 0.1625000000000001 0.65625 0.1625000000000001
0 0.8265625 0.1359375000000001 0.79375 0.1359375000000001 0.79375 0.17968750000000008 0.8265625 0.17968750000000008
0 0.978125 0.043750000000000115 0.9328125 0.04375000000000011 0.9328125 0.08906250000000011 0.978125 0.08906250000000011
0 0.9015625 0.2640625000000001 0.840625 0.2640625000000001 0.840625 0.34062500000000007 0.9015625 0.34062500000000007
0 0.9984375 0.31718750000000007 0.959375 0.31718750000000007 0.959375 0.3781250000000001 0.9984375 0.3781250000000001
0 0.8796875 0.03593750000000011 0.8421875 0.0359375000000001 0.8421875 0.07343750000000011 0.8796875 0.07343750000000011
0 0.8171875 0.1843750000000001 0.7859375 0.1843750000000001 0.7859375 0.2171875000000001 0.8171875 0.2171875000000001
0 0.9515625 0.009375000000000116 0.9203125 0.009375000000000114 0.9203125 0.02812500000000011 0.9515625 0.02812500000000011