1 0.73125 0.1750000000000001 0.690625 0.1750000000000001 0.690625 0.22656250000000008 0.73125 0.22656250000000008
1 0.68125 0.1625000000000001 0.64375 0.1625000000000001 0.64375 0.21875000000000008 0.68125 0.21875000000000008
1 0.790625 0.10000000000000009 0.7625 0.10000000000000009 0.7625 0.1390625000000001 0.790625 0.1390625000000001
0 0.5015625 0.4453125 0.4078125 0.4453125 0.4078125 0.565625 0.5015625 0.565625
1 0.6078125 0.2640625000000001 0.5703125 0.2640625000000001 0.5703125 0.2890625000000001 0.6078125 0.2890625000000001
1 0.596875 0.4015625 0.546875 0.4015625 0.546875 0.44375 0.596875 0.44375
1 0.6 0.2734375000000001 0.5546875 0.2734375000000001 0.5546875 0.3062500000000001 0.6 0.3062500000000001
1 0.5375 0.3437500000000001 0.4921875 0.3437500000000001 0.4921875 0.3812500000000001 0.5375 0.3812500000000001
1 0.6203125 0.35625000000000007 0.5671875 0.35625000000000007 0.5671875 0.4015625 0.6203125 0.4015625
0 0.38906250000000003 0.28437500000000004 0.3203125 0.284375 0.32031250000000006 0.40625 0.3890625000000001 0.40625
0 0.7109375 0.5046875 0.625 0.5046875 0.625 0.596875 0.7109375 0.596875
1 0.7421875 0.12500000000000008 0.709375 0.12500000000000008 0.709375 0.1468750000000001 0.7421875 0.1468750000000001
1 0.6421875 0.2406250000000001 0.5953125 0.2406250000000001 0.5953125 0.2656250000000001 0.6421875 0.2656250000000001
1 0.7609375 0.10312500000000009 0.740625 0.10312500000000009 0.740625 0.11718750000000008 0.7609375 0.11718750000000008
1 0.7328125 0.08593750000000008 0.7015625 0.08593750000000008 0.7015625 0.11875000000000009 0.7328125 0.11875000000000009
1 0.6984375 0.4578125 0.6515625 0.4578125 0.6515625 0.4984375 0.6984375 0.4984375
1 0.559375 0.2984375000000001 0.5265625 0.2984375000000001 0.5265625 0.34062500000000007 0.559375 0.34062500000000007
1 0.7046875 0.2328125000000001 0.646875 0.2328125000000001 0.646875 0.27031250000000007 0.7046875 0.27031250000000007
1 0.721875 0.1531250000000001 0.690625 0.1531250000000001 0.690625 0.1750000000000001 0.721875 0.1750000000000001
1 0.7640625 0.1515625000000001 0.7296875 0.1515625000000001 0.7296875 0.17187500000000008 0.7640625 0.17187500000000008