1 0.6625 0.14062500000000008 0.6375 0.14062500000000008 0.6375 0.15625000000000008 0.6625 0.15625000000000008
1 0.525 0.3031250000000001 0.4796875 0.3031250000000001 0.4796875 0.3359375000000001 0.525 0.3359375000000001
0 0.8953125 0.5640625000000001 0.7125 0.5640625 0.7125000000000001 0.828125 0.8953125 0.828125
1 0.640625 0.2015625000000001 0.6109375 0.2015625000000001 0.6109375 0.2234375000000001 0.640625 0.2234375000000001
1 0.5875 0.2171875000000001 0.5546875 0.2171875000000001 0.5546875 0.2375000000000001 0.5875 0.2375000000000001
1 0.6921875 0.10781250000000009 0.66875 0.10781250000000009 0.66875 0.12031250000000009 0.6921875 0.12031250000000009
1 0.7140625 0.0984375000000001 0.6890625 0.0984375000000001 0.6890625 0.11250000000000009 0.7140625 0.11250000000000009
1 0.5953125 0.2328125000000001 0.546875 0.2328125000000001 0.546875 0.2718750000000001 0.5953125 0.2718750000000001
1 0.6234375 0.1781250000000001 0.584375 0.1781250000000001 0.584375 0.2062500000000001 0.6234375 0.2062500000000001
1 0.6328125 0.21875000000000008 0.5890625 0.21875000000000008 0.5890625 0.2453125000000001 0.6328125 0.2453125000000001
1 0.6421875 0.16562500000000008 0.6078125 0.16562500000000008 0.6078125 0.1906250000000001 0.6421875 0.1906250000000001