1 0.65 0.15000000000000008 0.621875 0.15000000000000008 0.621875 0.1687500000000001 0.65 0.1687500000000001
1 0.7109375 0.08593750000000008 0.6875 0.08593750000000008 0.6875 0.0984375000000001 0.7109375 0.0984375000000001
1 0.5921875 0.21250000000000008 0.5546875 0.21250000000000008 0.5546875 0.23593750000000008 0.5921875 0.23593750000000008
1 0.6890625 0.10312500000000009 0.6671875 0.10312500000000009 0.6671875 0.11562500000000009 0.6890625 0.11562500000000009
1 0.6625 0.1281250000000001 0.6390625 0.1281250000000001 0.6390625 0.14218750000000008 0.6625 0.14218750000000008
1 0.721875 0.06250000000000008 0.6984375 0.06250000000000008 0.6984375 0.07812500000000008 0.721875 0.07812500000000008
1 0.678125 0.11562500000000009 0.659375 0.11562500000000009 0.659375 0.12656250000000008 0.678125 0.12656250000000008
1 0.73125 0.05156250000000009 0.7140625 0.05156250000000009 0.7140625 0.06250000000000008 0.73125 0.06250000000000008
1 0.73125 0.0750000000000001 0.7140625 0.0750000000000001 0.7140625 0.08750000000000009 0.73125 0.08750000000000009
1 0.665625 0.1468750000000001 0.6359375 0.1468750000000001 0.6359375 0.1609375000000001 0.665625 0.1609375000000001
1 0.7046875 0.07812500000000008 0.6875 0.07812500000000008 0.6875 0.08906250000000009 0.7046875 0.08906250000000009