1 0.7359375 0.17187500000000008 0.7140625 0.17187500000000008 0.7140625 0.21250000000000008 0.7359375 0.21250000000000008
0 0.8515625 0.11718750000000008 0.8171875 0.11718750000000008 0.8171875 0.1546875000000001 0.8515625 0.1546875000000001
0 0.24687500000000004 0.3140625 0.13437500000000005 0.3140625 0.13437500000000005 0.40625 0.2468750000000001 0.40625
1 0.746875 0.1453125000000001 0.71875 0.1453125000000001 0.71875 0.1625000000000001 0.746875 0.1625000000000001
1 0.5890625 0.39531250000000007 0.5296875 0.39531250000000007 0.5296875 0.425 0.5890625 0.425
1 0.6796875 0.2515625000000001 0.64375 0.2515625000000001 0.64375 0.2765625000000001 0.6796875 0.2765625000000001
0 0.07812500000000003 0.240625 2.9468063604483184e-17 0.240625 3.444319122601931e-17 0.321875 0.07812500000000004 0.321875
0 0.759375 0.5265625 0.6078125 0.5265625 0.6078125 0.7031250000000001 0.759375 0.7031250000000002
0 0.13906250000000003 0.2171875 0.050000000000000024 0.2171875 0.05000000000000003 0.29375 0.13906250000000003 0.29375
1 0.6734375 0.2312500000000001 0.6375 0.2312500000000001 0.6375 0.25468750000000007 0.6734375 0.25468750000000007
1 0.6453125 0.25468750000000007 0.6046875 0.25468750000000007 0.6046875 0.2796875000000001 0.6453125 0.2796875000000001
1 0.6484375 0.2812500000000001 0.5984375 0.2812500000000001 0.5984375 0.3156250000000001 0.6484375 0.3156250000000001
1 0.6375 0.3046875000000001 0.58125 0.3046875000000001 0.58125 0.3375000000000001 0.6375 0.3375000000000001
1 0.675 0.2718750000000001 0.6453125 0.2718750000000001 0.6453125 0.2984375000000001 0.675 0.2984375000000001
0 0.4390625 0.28437500000000004 0.3140625 0.284375 0.3140625 0.4265625 0.4390625 0.4265625
1 0.71875 0.1703125000000001 0.6890625 0.1703125000000001 0.6890625 0.18906250000000008 0.71875 0.18906250000000008
1 0.58125 0.34062500000000007 0.5203125 0.34062500000000007 0.5203125 0.3781250000000001 0.58125 0.3781250000000001
1 0.5890625 0.3265625000000001 0.55 0.3265625000000001 0.55 0.3593750000000001 0.5890625 0.3593750000000001
0 0.9953125 0.5171875000000001 0.8640625 0.5171875000000001 0.8640625 0.6468750000000002 0.9953125 0.6468750000000002
1 0.7171875 0.1921875000000001 0.68125 0.1921875000000001 0.68125 0.22031250000000008 0.7171875 0.22031250000000008
0 0.88125 0.1468750000000001 0.8421875 0.1468750000000001 0.8421875 0.17968750000000008 0.88125 0.17968750000000008