0 0.54375 0.2218750000000001 0.4421875 0.2218750000000001 0.4421875 0.3078125000000001 0.54375 0.3078125000000001
0 0.3921875000000001 0.38906250000000003 0.27031250000000007 0.3890625 0.27031250000000007 0.5015625 0.3921875000000001 0.5015625
0 0.6062500000000001 0.53125 0.428125 0.53125 0.4281250000000001 0.75 0.6062500000000002 0.75
0 0.33281250000000007 0.28125 0.17968750000000006 0.28125 0.17968750000000006 0.4109375 0.33281250000000007 0.4109375
0 0.265625 0.2390625 0.15468750000000003 0.2390625 0.15468750000000003 0.3203125 0.265625 0.3203125
1 0.340625 0.02343750000000004 0.30625 0.023437500000000038 0.30625 0.04218750000000004 0.340625 0.042187500000000044
1 0.4078125 0.05312500000000005 0.3765625 0.05312500000000005 0.3765625 0.07187500000000005 0.4078125 0.07187500000000005
1 0.340625 0.00781250000000004 0.3109375 0.007812500000000038 0.3109375 0.02343750000000004 0.340625 0.023437500000000045
0 0.5515625 0.2015625000000001 0.49375 0.2015625000000001 0.49375 0.24375000000000008 0.5515625 0.24375000000000008
1 0.3984375 0.04062500000000004 0.359375 0.04062500000000004 0.359375 0.057812500000000044 0.3984375 0.057812500000000044
1 0.3109375 0.0031250000000000353 0.2765625 0.003125000000000033 0.2765625 0.020312500000000035 0.3109375 0.02031250000000004
1 0.375 0.023437500000000045 0.3421875 0.023437500000000045 0.3421875 0.04062500000000004 0.375 0.04062500000000004