0 0.27343750000000006 0.3234375 0.15937500000000004 0.3234375 0.15937500000000004 0.421875 0.2734375000000001 0.421875
0 0.4078125 0.275 0.2828125 0.275 0.2828125 0.4203125 0.4078125 0.4203125
1 0.6953125 0.2640625000000001 0.6546875 0.2640625000000001 0.6546875 0.2875000000000001 0.6953125 0.2875000000000001
0 0.7640625 0.4437500000000001 0.621875 0.44375 0.621875 0.5906250000000001 0.7640625 0.5906250000000002
1 0.7078125 0.2000000000000001 0.66875 0.2000000000000001 0.66875 0.2218750000000001 0.7078125 0.2218750000000001
1 0.7296875 0.1937500000000001 0.70625 0.1937500000000001 0.70625 0.2140625000000001 0.7296875 0.2140625000000001
1 0.615625 0.3140625000000001 0.5703125 0.3140625000000001 0.5703125 0.3437500000000001 0.615625 0.3437500000000001
1 0.7546875 0.17187500000000008 0.728125 0.17187500000000008 0.728125 0.1906250000000001 0.7546875 0.1906250000000001
1 0.6328125 0.3437500000000001 0.5859375 0.3437500000000001 0.5859375 0.3812500000000001 0.6328125 0.3812500000000001
1 0.7109375 0.1781250000000001 0.6890625 0.1781250000000001 0.6890625 0.2015625000000001 0.7109375 0.2015625000000001
1 0.665625 0.2328125000000001 0.6328125 0.2328125000000001 0.6328125 0.2593750000000001 0.665625 0.2593750000000001
1 0.6453125 0.2734375000000001 0.5890625 0.2734375000000001 0.5890625 0.3187500000000001 0.6453125 0.3187500000000001
1 0.71875 0.2140625000000001 0.690625 0.2140625000000001 0.690625 0.23437500000000008 0.71875 0.23437500000000008