0 0.06718750000000004 0.3 3.6739403974420595e-17 0.3 4.314966456370752e-17 0.4046875 0.06718750000000004 0.4046875
0 0.7953125 0.11093750000000009 0.7609375 0.11093750000000009 0.7609375 0.14062500000000008 0.7953125 0.14062500000000008
1 0.5328125 0.3234375000000001 0.4875 0.3234375000000001 0.4875 0.3593750000000001 0.5328125 0.3593750000000001
0 0.34218750000000003 0.3078125 0.2 0.3078125 0.20000000000000004 0.45 0.3421875000000001 0.45
1 0.56875 0.2562500000000001 0.5359375 0.2562500000000001 0.5359375 0.28593750000000007 0.56875 0.28593750000000007
1 0.671875 0.1375000000000001 0.6453125 0.1375000000000001 0.6453125 0.1546875000000001 0.671875 0.1546875000000001
1 0.634375 0.1859375000000001 0.603125 0.1859375000000001 0.603125 0.2078125000000001 0.634375 0.2078125000000001
1 0.6453125 0.17187500000000008 0.6140625 0.17187500000000008 0.6140625 0.1921875000000001 0.6453125 0.1921875000000001
1 0.58125 0.3125000000000001 0.5375 0.3125000000000001 0.5375 0.34843750000000007 0.58125 0.34843750000000007
1 0.6421875 0.2078125000000001 0.6078125 0.2078125000000001 0.6078125 0.23437500000000008 0.6421875 0.23437500000000008
1 0.721875 0.07812500000000008 0.6984375 0.07812500000000008 0.6984375 0.0906250000000001 0.721875 0.0906250000000001
0 0.8265625 0.1359375000000001 0.7921875 0.1359375000000001 0.7921875 0.17968750000000008 0.8265625 0.17968750000000008
0 0.978125 0.043750000000000115 0.9328125 0.04375000000000011 0.9328125 0.0875000000000001 0.978125 0.0875000000000001
0 1 0.7437500000000001 0.8890625 0.7437500000000001 0.8890625 0.9421875 1 0.9421875
0 0.9140625 0.6781250000000002 0.765625 0.6781250000000002 0.7656250000000001 0.84375 0.9140625 0.84375
1 0.5890625 0.2250000000000001 0.546875 0.2250000000000001 0.546875 0.2500000000000001 0.5890625 0.2500000000000001
0 0.671875 0.053125000000000075 0.628125 0.05312500000000007 0.628125 0.09375000000000008 0.671875 0.09375000000000008
0 0.9515625 0.009375000000000116 0.9203125 0.009375000000000114 0.9203125 0.02812500000000011 0.9515625 0.02812500000000011
0 0.9984375 0.2953125000000001 0.9640625 0.2953125000000001 0.9640625 0.37968750000000007 0.9984375 0.37968750000000007
0 0.8171875 0.1828125000000001 0.7859375 0.1828125000000001 0.7859375 0.2171875000000001 0.8171875 0.2171875000000001