0 0.7703125000000001 0.6468750000000001 0.6140625 0.646875 0.6140625000000001 0.8234375 0.7703125000000002 0.8234375
1 0.621875 0.1859375000000001 0.590625 0.1859375000000001 0.590625 0.2062500000000001 0.621875 0.2062500000000001
0 0.35000000000000003 0.315625 0.2171875 0.315625 0.21718750000000003 0.45 0.3500000000000001 0.45
1 0.5984375 0.22656250000000008 0.5734375 0.22656250000000008 0.5734375 0.24375000000000008 0.5984375 0.24375000000000008
1 0.5734375 0.2515625000000001 0.534375 0.2515625000000001 0.534375 0.27812500000000007 0.5734375 0.27812500000000007
1 0.7296875 0.06093750000000009 0.709375 0.06093750000000009 0.709375 0.07656250000000009 0.7296875 0.07656250000000009
1 0.5578125 0.2734375000000001 0.5109375 0.2734375000000001 0.5109375 0.3062500000000001 0.5578125 0.3062500000000001
1 0.6578125 0.1453125000000001 0.634375 0.1453125000000001 0.634375 0.1609375000000001 0.6578125 0.1609375000000001
1 0.6328125 0.1703125000000001 0.6046875 0.1703125000000001 0.6046875 0.1906250000000001 0.6328125 0.1906250000000001
0 0.646875 0.53125 0.5390625 0.53125 0.5390625 0.6234375 0.646875 0.6234375
1 0.5828125 0.2390625000000001 0.559375 0.2390625000000001 0.559375 0.2562500000000001 0.5828125 0.2562500000000001
1 0.6625 0.1359375000000001 0.640625 0.1359375000000001 0.640625 0.1531250000000001 0.6625 0.1531250000000001
1 0.671875 0.1296875000000001 0.65 0.1296875000000001 0.65 0.14843750000000008 0.671875 0.14843750000000008
1 0.7 0.0984375000000001 0.684375 0.0984375000000001 0.684375 0.11093750000000009 0.7 0.11093750000000009
0 1 0.6265625000000001 0.940625 0.6265625000000001 0.940625 0.7734375000000002 1 0.7734375000000002
1 0.703125 0.0906250000000001 0.684375 0.0906250000000001 0.684375 0.10468750000000009 0.703125 0.10468750000000009
1 0.7234375 0.07343750000000009 0.7 0.07343750000000009 0.7 0.08593750000000008 0.7234375 0.08593750000000008
1 0.7109375 0.0750000000000001 0.690625 0.0750000000000001 0.690625 0.08906250000000009 0.7109375 0.08906250000000009