1 0.6140625 0.2687500000000001 0.5625 0.2687500000000001 0.5625 0.3468750000000001 0.6140625 0.3468750000000001
0 0.409375 0.31250000000000006 0.284375 0.3125 0.28437500000000004 0.421875 0.409375 0.421875
1 0.7203125 0.2296875000000001 0.684375 0.2296875000000001 0.684375 0.2484375000000001 0.7203125 0.2484375000000001
0 0.28593750000000007 0.309375 0.10781250000000005 0.309375 0.10781250000000005 0.4328125 0.28593750000000007 0.4328125
0 1 0.5765625000000002 0.834375 0.5765625000000002 0.834375 0.8109375 1 0.8109375
1 0.728125 0.15781250000000008 0.7078125 0.15781250000000008 0.7078125 0.1781250000000001 0.728125 0.1781250000000001
1 0.728125 0.1765625000000001 0.6921875 0.1765625000000001 0.6921875 0.19687500000000008 0.728125 0.19687500000000008
1 0.675 0.23437500000000008 0.628125 0.23437500000000008 0.628125 0.2734375000000001 0.675 0.2734375000000001
1 0.671875 0.2906250000000001 0.6296875 0.2906250000000001 0.6296875 0.3218750000000001 0.671875 0.3218750000000001
1 0.746875 0.1703125000000001 0.725 0.1703125000000001 0.725 0.18906250000000008 0.746875 0.18906250000000008
1 0.6546875 0.2671875000000001 0.6140625 0.2671875000000001 0.6140625 0.2921875000000001 0.6546875 0.2921875000000001
1 0.7671875 0.1531250000000001 0.74375 0.1531250000000001 0.74375 0.1703125000000001 0.7671875 0.1703125000000001
1 0.6921875 0.20312500000000008 0.6640625 0.20312500000000008 0.6640625 0.2250000000000001 0.6921875 0.2250000000000001
1 0.7375 0.1921875000000001 0.7171875 0.1921875000000001 0.7171875 0.2062500000000001 0.7375 0.2062500000000001