1 0.7390625 0.19531250000000008 0.715625 0.19531250000000008 0.715625 0.2156250000000001 0.7390625 0.2156250000000001
1 0.6203125 0.2906250000000001 0.578125 0.2906250000000001 0.578125 0.3218750000000001 0.6203125 0.3218750000000001
0 0.4 0.30625 0.3 0.30625 0.30000000000000004 0.43125 0.4 0.43125
1 0.7171875 0.2015625000000001 0.6875 0.2015625000000001 0.6875 0.22031250000000008 0.7171875 0.22031250000000008
0 0.9984375 0.6125000000000002 0.8921875 0.6125000000000002 0.8921875 0.8328125 0.9984375 0.8328125
0 1 0.5625000000000002 0.934375 0.5625000000000002 0.934375 0.6781250000000002 1 0.6781250000000002
1 0.7171875 0.1703125000000001 0.6859375 0.1703125000000001 0.6859375 0.18906250000000008 0.7171875 0.18906250000000008
0 0.14062500000000006 0.2703125 0.031250000000000035 0.2703125 0.03125000000000004 0.3453125 0.14062500000000006 0.3453125
1 0.734375 0.15625000000000008 0.7140625 0.15625000000000008 0.7140625 0.17187500000000008 0.734375 0.17187500000000008
0 0.496875 0.43125 0.37968750000000007 0.43125 0.37968750000000007 0.546875 0.496875 0.546875
0 0.871875 0.06562500000000011 0.8375 0.06562500000000011 0.8375 0.09687500000000011 0.871875 0.09687500000000011