0 0.07968750000000005 0.315625 3.865291459808834e-17 0.315625 4.468047306264171e-17 0.4140625 0.07968750000000005 0.4140625
0 0.46875 0.4640625 0.3375000000000001 0.4640625 0.3375000000000001 0.5875 0.46875 0.5875
0 0.7984375 0.10937500000000008 0.7671875 0.10937500000000008 0.7671875 0.1453125000000001 0.7984375 0.1453125000000001
1 0.665625 0.14843750000000008 0.634375 0.14843750000000008 0.634375 0.1703125000000001 0.665625 0.1703125000000001
0 0.9984375 0.7078125000000002 0.9171875 0.7078125000000002 0.9171875 0.8875 0.9984375 0.8875
1 0.6234375 0.1937500000000001 0.590625 0.1937500000000001 0.590625 0.2171875000000001 0.6234375 0.2171875000000001
0 0.8265625 0.1312500000000001 0.7921875 0.1312500000000001 0.7921875 0.18125000000000008 0.8265625 0.18125000000000008
0 0.978125 0.043750000000000115 0.9328125 0.04375000000000011 0.9328125 0.08906250000000011 0.978125 0.08906250000000011
0 0.890625 0.6750000000000002 0.7828125 0.6750000000000002 0.7828125000000001 0.85 0.890625 0.85
1 0.571875 0.2750000000000001 0.5265625 0.2750000000000001 0.5265625 0.3046875000000001 0.571875 0.3046875000000001
0 0.8078125 0.04843750000000009 0.7546875 0.04843750000000009 0.7546875 0.11250000000000009 0.8078125 0.11250000000000009
0 1 0.3156250000000001 0.9609375 0.3156250000000001 0.9609375 0.3828125000000001 1 0.3828125000000001
1 0.68125 0.11875000000000009 0.66875 0.11875000000000009 0.66875 0.1312500000000001 0.68125 0.1312500000000001
0 0.653125 0.08125000000000007 0.6078125 0.08125000000000007 0.6078125 0.14218750000000008 0.653125 0.14218750000000008
0 0.95 0.009375000000000116 0.91875 0.009375000000000114 0.91875 0.02812500000000011 0.95 0.02812500000000011
0 0.8796875 0.03593750000000011 0.84375 0.0359375000000001 0.84375 0.0718750000000001 0.8796875 0.0718750000000001