1 0.7125 0.19531250000000008 0.68125 0.19531250000000008 0.68125 0.2140625000000001 0.7125 0.2140625000000001
1 0.6875 0.24218750000000008 0.653125 0.24218750000000008 0.653125 0.2671875000000001 0.6875 0.2671875000000001
1 0.7015625 0.20312500000000008 0.6671875 0.20312500000000008 0.6671875 0.22812500000000008 0.7015625 0.22812500000000008
1 0.628125 0.3375000000000001 0.56875 0.3375000000000001 0.56875 0.3843750000000001 0.628125 0.3843750000000001
0 0.571875 0.4515625 0.4546875 0.4515625 0.4546875 0.5703125 0.571875 0.5703125
0 0.8859375 0.07031250000000011 0.846875 0.07031250000000011 0.846875 0.10156250000000008 0.8859375 0.10156250000000008
1 0.640625 0.2562500000000001 0.6 0.2562500000000001 0.6 0.2812500000000001 0.640625 0.2812500000000001
0 0.39843750000000006 0.33125000000000004 0.3328125 0.33125 0.33281250000000007 0.425 0.3984375000000001 0.425
1 0.7234375 0.1765625000000001 0.6953125 0.1765625000000001 0.6953125 0.1937500000000001 0.7234375 0.1937500000000001
0 0.8890625 0.08593750000000011 0.84375 0.08593750000000011 0.84375 0.12656250000000008 0.8890625 0.12656250000000008
1 0.8078125 0.08437500000000009 0.7875 0.08437500000000009 0.7875 0.09687500000000009 0.8078125 0.09687500000000009
1 0.7453125 0.1750000000000001 0.71875 0.1750000000000001 0.71875 0.1921875000000001 0.7453125 0.1921875000000001
1 0.73125 0.1453125000000001 0.7046875 0.1453125000000001 0.7046875 0.1625000000000001 0.73125 0.1625000000000001
1 0.615625 0.3031250000000001 0.571875 0.3031250000000001 0.571875 0.3343750000000001 0.615625 0.3343750000000001
1 0.7609375 0.12500000000000008 0.7375 0.12500000000000008 0.7375 0.1390625000000001 0.7609375 0.1390625000000001
1 0.7515625 0.1296875000000001 0.7296875 0.1296875000000001 0.7296875 0.1437500000000001 0.7515625 0.1437500000000001
0 0.11718750000000004 0.2453125 0.006250000000000031 0.2453125 0.006250000000000036 0.3296875 0.11718750000000004 0.3296875
1 0.784375 0.10468750000000009 0.7609375 0.10468750000000009 0.7609375 0.11718750000000008 0.784375 0.11718750000000008
1 0.621875 0.2765625000000001 0.5859375 0.2765625000000001 0.5859375 0.3046875000000001 0.621875 0.3046875000000001
0 0.89375 0.11718750000000008 0.8546875 0.11718750000000008 0.8546875 0.1593750000000001 0.89375 0.1593750000000001
1 0.7734375 0.10781250000000009 0.753125 0.10781250000000009 0.753125 0.12343750000000009 0.7734375 0.12343750000000009
1 0.771875 0.11718750000000008 0.7515625 0.11718750000000008 0.7515625 0.13281250000000008 0.771875 0.13281250000000008
0 0.9515625 0.4500000000000002 0.7703125 0.4500000000000002 0.7703125 0.6937500000000002 0.9515625 0.6937500000000002
0 0.809375 0.5906250000000001 0.7125 0.590625 0.7125000000000001 0.7437500000000001 0.809375 0.7437500000000001
0 0.85 0.12343750000000009 0.8125 0.12343750000000009 0.8125 0.1671875000000001 0.85 0.1671875000000001
0 0.74375 0.07812500000000008 0.715625 0.07812500000000008 0.715625 0.11093750000000009 0.74375 0.11093750000000009
0 0.8796875 0.14843750000000008 0.8421875 0.14843750000000008 0.8421875 0.17968750000000008 0.8796875 0.17968750000000008
0 0.7984375 0.03437500000000009 0.76875 0.034375000000000086 0.76875 0.06562500000000009 0.7984375 0.06562500000000009