1 0.7734375 0.10312500000000009 0.7546875 0.10312500000000009 0.7546875 0.11718750000000008 0.7734375 0.11718750000000008
0 0.27656250000000004 0.3015625 0.14843750000000006 0.3015625 0.14843750000000006 0.4265625 0.2765625000000001 0.4265625
1 0.796875 0.09218750000000009 0.7640625 0.09218750000000009 0.7640625 0.11093750000000009 0.796875 0.11093750000000009
0 0.4171875 0.31562500000000004 0.3265625 0.315625 0.32656250000000003 0.428125 0.4171875 0.428125
1 0.7734375 0.11562500000000009 0.7453125 0.11562500000000009 0.7453125 0.1312500000000001 0.7734375 0.1312500000000001
1 0.7515625 0.1375000000000001 0.7203125 0.1375000000000001 0.7203125 0.1546875000000001 0.7515625 0.1546875000000001
1 0.7203125 0.18906250000000008 0.6828125 0.18906250000000008 0.6828125 0.21093750000000008 0.7203125 0.21093750000000008
1 0.684375 0.2218750000000001 0.6546875 0.2218750000000001 0.6546875 0.2453125000000001 0.684375 0.2453125000000001
0 0.7484375 0.06093750000000009 0.7 0.06093750000000009 0.7 0.1140625000000001 0.7484375 0.1140625000000001
1 0.675 0.2562500000000001 0.6359375 0.2562500000000001 0.6359375 0.2796875000000001 0.675 0.2796875000000001
1 0.765625 0.12656250000000008 0.7390625 0.12656250000000008 0.7390625 0.14218750000000008 0.765625 0.14218750000000008
1 0.6734375 0.23593750000000008 0.6359375 0.23593750000000008 0.6359375 0.2578125000000001 0.6734375 0.2578125000000001
1 0.7890625 0.10781250000000009 0.7609375 0.10781250000000009 0.7609375 0.1218750000000001 0.7890625 0.1218750000000001
1 0.7484375 0.15781250000000008 0.7171875 0.15781250000000008 0.7171875 0.18125000000000008 0.7484375 0.18125000000000008
0 0.8515625 0.12031250000000009 0.8171875 0.12031250000000009 0.8171875 0.15625000000000008 0.8515625 0.15625000000000008
0 0.878125 0.1437500000000001 0.8421875 0.1437500000000001 0.8421875 0.17968750000000008 0.878125 0.17968750000000008
1 0.5875 0.3468750000000001 0.528125 0.3468750000000001 0.528125 0.3890625000000001 0.5875 0.3890625000000001
1 0.79375 0.08437500000000009 0.775 0.08437500000000009 0.775 0.0984375000000001 0.79375 0.0984375000000001
0 0.7265625 0.10156250000000008 0.6859375 0.10156250000000008 0.6859375 0.12656250000000008 0.7265625 0.12656250000000008
0 0.85625 0.10000000000000009 0.828125 0.10000000000000009 0.828125 0.1296875000000001 0.85625 0.1296875000000001
0 0.8984375 0.08593750000000011 0.8671875 0.08593750000000011 0.8671875 0.12500000000000008 0.8984375 0.12500000000000008