1 0.5046875 0.3687500000000001 0.4546875 0.3687500000000001 0.4546875 0.4125 0.5046875 0.4125
1 0.7734375 0.12500000000000008 0.7390625 0.12500000000000008 0.7390625 0.1671875000000001 0.7734375 0.1671875000000001
1 0.5265625 0.3500000000000001 0.4796875 0.3500000000000001 0.4796875 0.3859375000000001 0.5265625 0.3859375000000001
1 0.6875 0.2234375000000001 0.64375 0.2234375000000001 0.64375 0.28593750000000007 0.6875 0.28593750000000007
1 0.63125 0.2093750000000001 0.5859375 0.2093750000000001 0.5859375 0.27812500000000007 0.63125 0.27812500000000007
0 0.75625 0.5593750000000001 0.65625 0.559375 0.65625 0.6968750000000001 0.75625 0.6968750000000001
0 0.5578125 0.453125 0.446875 0.453125 0.446875 0.58125 0.5578125 0.58125
0 1 0.6500000000000001 0.8828125 0.6500000000000001 0.8828125 0.859375 1 0.859375
0 0.17812500000000003 0.284375 0.06875000000000005 0.284375 0.06875000000000005 0.3671875 0.17812500000000003 0.3671875
1 0.5765625 0.3109375000000001 0.51875 0.3109375000000001 0.51875 0.3453125000000001 0.5765625 0.3453125000000001
1 0.703125 0.15625000000000008 0.675 0.15625000000000008 0.675 0.1781250000000001 0.703125 0.1781250000000001
1 0.6421875 0.2984375000000001 0.5921875 0.2984375000000001 0.5921875 0.3375000000000001 0.6421875 0.3375000000000001
0 0.896875 0.6328125000000002 0.790625 0.6328125000000002 0.7906250000000001 0.7859375000000002 0.896875 0.7859375000000002
1 0.7171875 0.15000000000000008 0.6953125 0.15000000000000008 0.6953125 0.1687500000000001 0.7171875 0.1687500000000001
1 0.740625 0.1828125000000001 0.7015625 0.1828125000000001 0.7015625 0.2062500000000001 0.740625 0.2062500000000001
1 0.6890625 0.1906250000000001 0.653125 0.1906250000000001 0.653125 0.2156250000000001 0.6890625 0.2156250000000001