0 0.853125 0.11718750000000008 0.8171875 0.11718750000000008 0.8171875 0.1546875000000001 0.853125 0.1546875000000001
1 0.56875 0.3687500000000001 0.515625 0.3687500000000001 0.515625 0.409375 0.56875 0.409375
1 0.6859375 0.2062500000000001 0.6578125 0.2062500000000001 0.6578125 0.2328125000000001 0.6859375 0.2328125000000001
1 0.6140625 0.3625000000000001 0.55625 0.3625000000000001 0.55625 0.3906250000000001 0.6140625 0.3906250000000001
1 0.609375 0.3046875000000001 0.565625 0.3046875000000001 0.565625 0.3359375000000001 0.609375 0.3359375000000001
0 0.4421875 0.28437500000000004 0.303125 0.284375 0.30312500000000003 0.4265625 0.4421875 0.4265625
1 0.6609375 0.2375000000000001 0.621875 0.2375000000000001 0.621875 0.26250000000000007 0.6609375 0.26250000000000007
0 0.24843750000000003 0.3109375 0.13437500000000005 0.3109375 0.13437500000000005 0.4046875 0.2484375000000001 0.4046875
1 0.6921875 0.23437500000000008 0.65625 0.23437500000000008 0.65625 0.2578125000000001 0.6921875 0.2578125000000001
1 0.753125 0.1375000000000001 0.725 0.1375000000000001 0.725 0.1546875000000001 0.753125 0.1546875000000001
0 1 0.6562500000000002 0.8625 0.6562500000000002 0.8625 0.8671875 1 0.8671875
1 0.6890625 0.2531250000000001 0.6578125 0.2531250000000001 0.6578125 0.2765625000000001 0.6890625 0.2765625000000001
1 0.7265625 0.1828125000000001 0.6921875 0.1828125000000001 0.6921875 0.2093750000000001 0.7265625 0.2093750000000001
1 0.6609375 0.2640625000000001 0.61875 0.2640625000000001 0.61875 0.2906250000000001 0.6609375 0.2906250000000001
0 0.15468750000000003 0.2125 0.05625000000000002 0.2125 0.056250000000000036 0.2875 0.15468750000000003 0.2875
0 0.09531250000000004 0.2375 0.0015625000000000291 0.2375 0.0015625000000000343 0.321875 0.09531250000000005 0.321875
1 0.7265625 0.1609375000000001 0.6984375 0.1609375000000001 0.6984375 0.17968750000000008 0.7265625 0.17968750000000008
1 0.5875 0.3156250000000001 0.546875 0.3156250000000001 0.546875 0.34843750000000007 0.5875 0.34843750000000007
0 0.859375 0.08906250000000011 0.83125 0.08906250000000011 0.83125 0.1218750000000001 0.859375 0.1218750000000001
1 0.6546875 0.2890625000000001 0.6015625 0.2890625000000001 0.6015625 0.3140625000000001 0.6546875 0.3140625000000001
1 0.7453125 0.1625000000000001 0.7234375 0.1625000000000001 0.7234375 0.1984375000000001 0.7453125 0.1984375000000001
0 0.8796875 0.1468750000000001 0.8421875 0.1468750000000001 0.8421875 0.17968750000000008 0.8796875 0.17968750000000008
1 0.7734375 0.2390625000000001 0.746875 0.2390625000000001 0.746875 0.2515625000000001 0.7734375 0.2515625000000001