0 0.503125 0.4796875 0.3734375000000001 0.4796875 0.3734375000000001 0.6109375 0.503125 0.6109375
1 0.63125 0.2234375000000001 0.5953125 0.2234375000000001 0.5953125 0.2515625000000001 0.63125 0.2515625000000001
1 0.5125 0.3546875000000001 0.4609375 0.3546875000000001 0.4609375 0.39531250000000007 0.5125 0.39531250000000007
1 0.5515625 0.27812500000000007 0.5171875 0.27812500000000007 0.5171875 0.30937500000000007 0.5515625 0.30937500000000007
1 0.621875 0.2015625000000001 0.5890625 0.2015625000000001 0.5890625 0.2234375000000001 0.621875 0.2234375000000001
0 0.12343750000000005 0.26875 0.0015625000000000326 0.26875 0.001562500000000043 0.4390625 0.12343750000000005 0.4390625
0 0.95625 0.7046875000000001 0.7921875 0.7046875000000001 0.7921875 0.8921875 0.95625 0.8921875
1 0.5734375 0.2453125000000001 0.528125 0.2453125000000001 0.528125 0.27031250000000007 0.5734375 0.27031250000000007
1 0.5640625 0.34062500000000007 0.5140625 0.34062500000000007 0.5140625 0.3812500000000001 0.5640625 0.3812500000000001
1 0.6625 0.1453125000000001 0.6375 0.1453125000000001 0.6375 0.16406250000000008 0.6625 0.16406250000000008
1 0.634375 0.1843750000000001 0.603125 0.1843750000000001 0.603125 0.20468750000000008 0.634375 0.20468750000000008
1 0.715625 0.0828125000000001 0.69375 0.0828125000000001 0.69375 0.09531250000000009 0.715625 0.09531250000000009
0 0.978125 0.043750000000000115 0.9328125 0.04375000000000011 0.9328125 0.0875000000000001 0.978125 0.0875000000000001
1 0.7265625 0.06093750000000009 0.709375 0.06093750000000009 0.709375 0.07343750000000009 0.7265625 0.07343750000000009
0 0.9984375 0.3187500000000001 0.959375 0.3187500000000001 0.959375 0.3828125000000001 0.9984375 0.3828125000000001
0 0.825 0.1375000000000001 0.790625 0.1375000000000001 0.790625 0.1937500000000001 0.825 0.1937500000000001
0 0.80625 0.09531250000000009 0.7765625 0.09531250000000009 0.7765625 0.1375000000000001 0.80625 0.1375000000000001