1 0.8 0.09687500000000009 0.7640625 0.09687500000000009 0.7640625 0.11250000000000009 0.8 0.11250000000000009
0 0.5 0.4046875 0.3734375000000001 0.4046875 0.3734375000000001 0.5453125 0.5 0.5453125
1 0.5984375 0.3156250000000001 0.553125 0.3156250000000001 0.553125 0.3453125000000001 0.5984375 0.3453125000000001
1 0.6296875 0.2906250000000001 0.5875 0.2906250000000001 0.5875 0.3203125000000001 0.6296875 0.3203125000000001
0 1 0.6328125000000002 0.8796875 0.6328125000000002 0.8796875 0.840625 1 0.840625
1 0.6421875 0.2609375000000001 0.60625 0.2609375000000001 0.60625 0.2875000000000001 0.6421875 0.2875000000000001
0 0.24843750000000003 0.3046875 0.13125000000000003 0.3046875 0.13125000000000003 0.4078125 0.2484375000000001 0.4078125
1 0.80625 0.08437500000000009 0.775 0.08437500000000009 0.775 0.10000000000000009 0.80625 0.10000000000000009
0 0.7421875 0.06250000000000008 0.703125 0.06250000000000008 0.703125 0.11093750000000009 0.7421875 0.11093750000000009
1 0.78125 0.11875000000000009 0.7515625 0.11875000000000009 0.7515625 0.13281250000000008 0.78125 0.13281250000000008
1 0.78125 0.10156250000000008 0.753125 0.10156250000000008 0.753125 0.11875000000000009 0.78125 0.11875000000000009
1 0.778125 0.12500000000000008 0.7484375 0.12500000000000008 0.7484375 0.14218750000000008 0.778125 0.14218750000000008
1 0.6734375 0.2390625000000001 0.63125 0.2390625000000001 0.63125 0.2671875000000001 0.6734375 0.2671875000000001
1 0.7296875 0.17187500000000008 0.696875 0.17187500000000008 0.696875 0.1906250000000001 0.7296875 0.1906250000000001
0 0.853125 0.12031250000000009 0.815625 0.12031250000000009 0.815625 0.1609375000000001 0.853125 0.1609375000000001
1 0.7296875 0.18906250000000008 0.6984375 0.18906250000000008 0.6984375 0.2062500000000001 0.7296875 0.2062500000000001
1 0.75625 0.14218750000000008 0.725 0.14218750000000008 0.725 0.1609375000000001 0.75625 0.1609375000000001