1 0.575 0.4 0.51875 0.4 0.51875 0.44375 0.575 0.44375
1 0.6890625 0.2078125000000001 0.6609375 0.2078125000000001 0.6609375 0.2296875000000001 0.6890625 0.2296875000000001
1 0.6140625 0.3656250000000001 0.5640625 0.3656250000000001 0.5640625 0.4046875 0.6140625 0.4046875
1 0.690625 0.26250000000000007 0.6453125 0.26250000000000007 0.6453125 0.28593750000000007 0.690625 0.28593750000000007
1 0.6234375 0.2968750000000001 0.578125 0.2968750000000001 0.578125 0.3281250000000001 0.6234375 0.3281250000000001
1 0.7296875 0.1765625000000001 0.6953125 0.1765625000000001 0.6953125 0.2000000000000001 0.7296875 0.2000000000000001
0 0.8953125 0.5765625000000002 0.7671875 0.5765625000000002 0.7671875000000001 0.7750000000000001 0.8953125 0.7750000000000001
1 0.6953125 0.2234375000000001 0.6625 0.2234375000000001 0.6625 0.2468750000000001 0.6953125 0.2468750000000001
0 0.871875 0.06093750000000011 0.8359375 0.06093750000000011 0.8359375 0.10000000000000009 0.871875 0.10000000000000009
0 0.8921875 0.10000000000000009 0.8515625 0.10000000000000009 0.8515625 0.14218750000000008 0.8921875 0.14218750000000008
1 0.728125 0.2015625000000001 0.6984375 0.2015625000000001 0.6984375 0.2218750000000001 0.728125 0.2218750000000001
0 0.8765625 0.1312500000000001 0.84375 0.1312500000000001 0.84375 0.1687500000000001 0.8765625 0.1687500000000001
1 0.8078125 0.08437500000000009 0.7890625 0.08437500000000009 0.7890625 0.09687500000000009 0.8078125 0.09687500000000009
1 0.771875 0.15000000000000008 0.7484375 0.15000000000000008 0.7484375 0.16406250000000008 0.771875 0.16406250000000008
1 0.775 0.10937500000000008 0.753125 0.10937500000000008 0.753125 0.12500000000000008 0.775 0.12500000000000008
0 0.853125 0.11875000000000009 0.8203125 0.11875000000000009 0.8203125 0.1515625000000001 0.853125 0.1515625000000001
0 0.775 0.5640625000000001 0.6609375 0.5640625 0.6609375 0.7046875000000001 0.775 0.7046875000000001
1 0.75625 0.13281250000000008 0.734375 0.13281250000000008 0.734375 0.15000000000000008 0.75625 0.15000000000000008
0 0.85625 0.10000000000000009 0.8265625 0.10000000000000009 0.8265625 0.1312500000000001 0.85625 0.1312500000000001
1 0.7453125 0.1437500000000001 0.7234375 0.1437500000000001 0.7234375 0.15781250000000008 0.7453125 0.15781250000000008
1 0.7421875 0.15000000000000008 0.71875 0.15000000000000008 0.71875 0.1703125000000001 0.7421875 0.1703125000000001
1 0.7234375 0.10312500000000009 0.70625 0.10312500000000009 0.70625 0.11562500000000009 0.7234375 0.11562500000000009
1 0.7015625 0.1828125000000001 0.678125 0.1828125000000001 0.678125 0.2000000000000001 0.7015625 0.2000000000000001
0 0.65 0.50625 0.5484375 0.50625 0.5484375 0.640625 0.65 0.640625
0 0.26875000000000004 0.2515625 0.11562500000000005 0.2515625 0.11562500000000005 0.446875 0.2687500000000001 0.446875