0 0.23281250000000003 0.290625 0.10000000000000005 0.290625 0.10000000000000005 0.396875 0.2328125000000001 0.396875
0 0.37031250000000004 0.32031250000000006 0.23125 0.3203125 0.23125000000000004 0.446875 0.3703125000000001 0.446875
0 0.91875 0.6015625000000002 0.7859375 0.6015625000000002 0.7859375000000001 0.7687500000000002 0.91875 0.7687500000000002
0 0.7203125 0.4203125 0.565625 0.4203125 0.565625 0.5625 0.7203125 0.5625
1 0.5703125 0.3109375000000001 0.5109375 0.3109375000000001 0.5109375 0.3812500000000001 0.5703125 0.3812500000000001
1 0.6125 0.37968750000000007 0.553125 0.37968750000000007 0.553125 0.4265625 0.6125 0.4265625
1 0.6796875 0.26250000000000007 0.646875 0.26250000000000007 0.646875 0.2921875000000001 0.6796875 0.2921875000000001
1 0.7109375 0.2296875000000001 0.6796875 0.2296875000000001 0.6796875 0.2531250000000001 0.7109375 0.2531250000000001
0 1 0.6421875000000001 0.9390625 0.6421875000000001 0.9390625 0.8125 1 0.8125
1 0.6625 0.23593750000000008 0.6359375 0.23593750000000008 0.6359375 0.2640625000000001 0.6625 0.2640625000000001
1 0.6421875 0.2640625000000001 0.5953125 0.2640625000000001 0.5953125 0.30937500000000007 0.6421875 0.30937500000000007
1 0.6734375 0.3000000000000001 0.6171875 0.3000000000000001 0.6171875 0.33281250000000007 0.6734375 0.33281250000000007