0 0.8203125 0.15000000000000008 0.728125 0.15000000000000008 0.728125 0.21093750000000008 0.8203125 0.21093750000000008
0 0.565625 0.15468750000000006 0.471875 0.15468750000000003 0.471875 0.2453125000000001 0.565625 0.2453125000000001
1 0.3390625 0.015625000000000038 0.3015625 0.015625000000000038 0.3015625 0.03437500000000004 0.3390625 0.034375000000000044
0 0.32656250000000003 0.2375 0.17187500000000006 0.2375 0.17187500000000006 0.4140625 0.3265625000000001 0.4140625
0 0.734375 0.1375000000000001 0.6484375 0.1375000000000001 0.6484375 0.1906250000000001 0.734375 0.1906250000000001
0 0.7828125000000001 0.6921875000000001 0.5546875 0.6921875 0.5546875000000001 0.984375 0.7828125000000001 0.984375
1 0.5984375 0.1296875000000001 0.55625 0.1296875000000001 0.55625 0.1609375000000001 0.5984375 0.1609375000000001
1 0.375 0.03750000000000005 0.340625 0.03750000000000005 0.340625 0.057812500000000044 0.375 0.057812500000000044
1 0.39375 0.025000000000000043 0.35625 0.025000000000000043 0.35625 0.04687500000000004 0.39375 0.04687500000000004
1 0.396875 0.050000000000000044 0.3671875 0.050000000000000044 0.3671875 0.07187500000000005 0.396875 0.07187500000000005
0 0.890625 0.0984375000000001 0.8125 0.0984375000000001 0.8125 0.1437500000000001 0.890625 0.1437500000000001
1 0.5234375 0.14375000000000004 0.4796875 0.14375000000000004 0.4796875 0.17031250000000003 0.5234375 0.17031250000000003