1 0.6578125 0.27031250000000007 0.6203125 0.27031250000000007 0.6203125 0.2953125000000001 0.6578125 0.2953125000000001
1 0.6546875 0.2484375000000001 0.6203125 0.2484375000000001 0.6203125 0.2718750000000001 0.6546875 0.2718750000000001
1 0.7015625 0.2375000000000001 0.6640625 0.2375000000000001 0.6640625 0.2640625000000001 0.7015625 0.2640625000000001
1 0.5328125 0.37187500000000007 0.4859375 0.37187500000000007 0.4859375 0.4140625 0.5328125 0.4140625
1 0.703125 0.2078125000000001 0.665625 0.2078125000000001 0.665625 0.2328125000000001 0.703125 0.2328125000000001
0 0.875 0.05937500000000011 0.8359375 0.05937500000000011 0.8359375 0.10000000000000009 0.875 0.10000000000000009
1 0.6453125 0.3203125000000001 0.5921875 0.3203125000000001 0.5921875 0.3500000000000001 0.6453125 0.3500000000000001
1 0.7609375 0.12500000000000008 0.7375 0.12500000000000008 0.7375 0.14062500000000008 0.7609375 0.14062500000000008
0 0.8625 0.09843750000000011 0.825 0.09843750000000011 0.825 0.1296875000000001 0.8625 0.1296875000000001
0 0.24375000000000005 0.30625 0.13281250000000006 0.30625 0.13281250000000006 0.396875 0.24375000000000008 0.396875
0 0.85625 0.11875000000000009 0.8203125 0.11875000000000009 0.8203125 0.1515625000000001 0.85625 0.1515625000000001
0 0.89375 0.5781250000000002 0.765625 0.5781250000000002 0.7656250000000001 0.7750000000000001 0.89375 0.7750000000000001
1 0.7984375 0.09687500000000009 0.7796875 0.09687500000000009 0.7796875 0.10937500000000008 0.7984375 0.10937500000000008
0 0.775 0.5640625000000001 0.6609375 0.5640625 0.6609375 0.7046875000000001 0.775 0.7046875000000001
1 0.809375 0.09687500000000009 0.796875 0.09687500000000009 0.796875 0.10781250000000009 0.809375 0.10781250000000009
1 0.7546875 0.17187500000000008 0.728125 0.17187500000000008 0.728125 0.1906250000000001 0.7546875 0.1906250000000001
1 0.7375 0.1531250000000001 0.715625 0.1531250000000001 0.715625 0.17187500000000008 0.7375 0.17187500000000008
0 0.875 0.13281250000000008 0.84375 0.13281250000000008 0.84375 0.1687500000000001 0.875 0.1687500000000001
1 0.6703125 0.2156250000000001 0.64375 0.2156250000000001 0.64375 0.2375000000000001 0.6703125 0.2375000000000001
1 0.721875 0.1750000000000001 0.696875 0.1750000000000001 0.696875 0.19687500000000008 0.721875 0.19687500000000008
1 0.7984375 0.07812500000000008 0.7734375 0.07812500000000008 0.7734375 0.09531250000000009 0.7984375 0.09531250000000009
0 0.403125 0.33125000000000004 0.3046875 0.33125 0.30468750000000006 0.4125 0.403125 0.4125