1 0.515625 0.3265625000000001 0.4703125 0.3265625000000001 0.4703125 0.3609375000000001 0.515625 0.3609375000000001
0 0.3046875000000001 0.3640625 0.20468750000000008 0.3640625 0.20468750000000008 0.446875 0.3046875000000001 0.446875
0 0.996875 0.3500000000000001 0.9421875 0.3500000000000001 0.9421875 0.44531250000000017 0.996875 0.44531250000000017
1 0.5984375 0.2328125000000001 0.559375 0.2328125000000001 0.559375 0.2562500000000001 0.5984375 0.2562500000000001
1 0.6171875 0.2156250000000001 0.5796875 0.2156250000000001 0.5796875 0.2390625000000001 0.6171875 0.2390625000000001
1 0.63125 0.1781250000000001 0.60625 0.1781250000000001 0.60625 0.1984375000000001 0.63125 0.1984375000000001
0 0.825 0.1359375000000001 0.7921875 0.1359375000000001 0.7921875 0.1781250000000001 0.825 0.1781250000000001
1 0.6796875 0.12500000000000008 0.6546875 0.12500000000000008 0.6546875 0.14218750000000008 0.6796875 0.14218750000000008
1 0.5609375 0.3156250000000001 0.5078125 0.3156250000000001 0.5078125 0.3453125000000001 0.5609375 0.3453125000000001
1 0.6734375 0.13281250000000008 0.6484375 0.13281250000000008 0.6484375 0.1531250000000001 0.6734375 0.1531250000000001
1 0.6984375 0.10000000000000009 0.678125 0.10000000000000009 0.678125 0.1140625000000001 0.6984375 0.1140625000000001
1 0.5859375 0.2968750000000001 0.53125 0.2968750000000001 0.53125 0.3265625000000001 0.5859375 0.3265625000000001
1 0.6453125 0.1593750000000001 0.6125 0.1593750000000001 0.6125 0.1781250000000001 0.6453125 0.1781250000000001
0 0.8140625 0.05937500000000009 0.7875 0.05937500000000009 0.7875 0.10000000000000009 0.8140625 0.10000000000000009
1 0.6828125 0.14843750000000008 0.6546875 0.14843750000000008 0.6546875 0.1703125000000001 0.6828125 0.1703125000000001
1 0.5859375 0.25468750000000007 0.5359375 0.25468750000000007 0.5359375 0.2890625000000001 0.5859375 0.2890625000000001
1 0.6484375 0.2140625000000001 0.6140625 0.2140625000000001 0.6140625 0.2375000000000001 0.6484375 0.2375000000000001
0 0.81875 0.18125000000000008 0.7859375 0.18125000000000008 0.7859375 0.2156250000000001 0.81875 0.2156250000000001
0 0.4578125 0.475 0.3359375000000001 0.475 0.3359375000000001 0.6078125 0.4578125 0.6078125