0 0.6109375 0.16406250000000006 0.5015625 0.16406250000000006 0.5015625 0.2734375000000001 0.6109375 0.2734375000000001
0 0.75625 0.1531250000000001 0.6875 0.1531250000000001 0.6875 0.2234375000000001 0.75625 0.2234375000000001
0 0.9578125 0.3296875000000001 0.875 0.3296875000000001 0.875 0.39531250000000007 0.9578125 0.39531250000000007
0 0.946875 0.36406250000000007 0.86875 0.36406250000000007 0.86875 0.44062500000000016 0.946875 0.44062500000000016
0 0.984375 0.10625000000000014 0.9078125 0.10625000000000014 0.9078125 0.16718750000000013 0.984375 0.16718750000000013
0 0.9140625 0.1265625000000001 0.8296875 0.12656250000000008 0.8296875 0.1890625000000001 0.9140625 0.18906250000000013
0 0.4796875 0.37500000000000006 0.2906250000000001 0.375 0.2906250000000001 0.590625 0.4796875 0.590625
1 0.3515625 0.02343750000000004 0.31875 0.023437500000000038 0.31875 0.04062500000000004 0.3515625 0.04062500000000004
1 0.4296875 0.06718750000000004 0.3671875 0.06718750000000004 0.3671875 0.08750000000000005 0.4296875 0.08750000000000005
1 0.3296875 0.010937500000000036 0.2453125 0.01093750000000003 0.2453125 0.02968750000000004 0.3296875 0.029687500000000044
1 0.390625 0.06406250000000005 0.346875 0.06406250000000005 0.346875 0.07968750000000005 0.390625 0.07968750000000005
0 0.990625 1.1538469060716468e-16 0.89375 1.094528076737947e-16 0.89375 0.0875000000000001 0.990625 0.0875000000000001