1 0.628125 0.1859375000000001 0.5921875 0.1859375000000001 0.5921875 0.2093750000000001 0.628125 0.2093750000000001
1 0.653125 0.1468750000000001 0.6203125 0.1468750000000001 0.6203125 0.16406250000000008 0.653125 0.16406250000000008
1 0.659375 0.1781250000000001 0.6234375 0.1781250000000001 0.6234375 0.1937500000000001 0.659375 0.1937500000000001
1 0.725 0.0828125000000001 0.6953125 0.0828125000000001 0.6953125 0.0984375000000001 0.725 0.0984375000000001
1 0.6640625 0.1375000000000001 0.6328125 0.1375000000000001 0.6328125 0.1546875000000001 0.6640625 0.1546875000000001
1 0.68125 0.1140625000000001 0.659375 0.1140625000000001 0.659375 0.1281250000000001 0.68125 0.1281250000000001
1 0.6671875 0.16562500000000008 0.64375 0.16562500000000008 0.64375 0.1843750000000001 0.6671875 0.1843750000000001
0 0.7953125 0.5484375000000001 0.6859375 0.5484375 0.6859375 0.6968750000000001 0.7953125 0.6968750000000001
1 0.578125 0.23437500000000008 0.54375 0.23437500000000008 0.54375 0.2593750000000001 0.578125 0.2593750000000001
1 0.625 0.1750000000000001 0.6 0.1750000000000001 0.6 0.1906250000000001 0.625 0.1906250000000001
0 0.9859375 0.5734375000000002 0.78125 0.5734375000000002 0.7812500000000001 0.8296875 0.9859375 0.8296875
1 0.7359375 0.04687500000000009 0.715625 0.04687500000000009 0.715625 0.05937500000000009 0.7359375 0.05937500000000009
1 0.70625 0.08750000000000009 0.6859375 0.08750000000000009 0.6859375 0.10000000000000009 0.70625 0.10000000000000009
0 0.31250000000000006 0.284375 0.18906250000000005 0.284375 0.18906250000000005 0.4515625 0.3125000000000001 0.4515625
0 0.978125 0.043750000000000115 0.9328125 0.04375000000000011 0.9328125 0.0875000000000001 0.978125 0.0875000000000001
1 0.553125 0.2531250000000001 0.5171875 0.2531250000000001 0.5171875 0.2968750000000001 0.553125 0.2968750000000001