0 0.6359375 0.4875 0.5125 0.4875 0.5125 0.6203125 0.6359375 0.6203125
0 0.20781250000000004 0.2875 0.08906250000000004 0.2875 0.08906250000000004 0.3765625 0.2078125000000001 0.3765625
1 0.8046875 0.07812500000000008 0.778125 0.07812500000000008 0.778125 0.09375000000000008 0.8046875 0.09375000000000008
1 0.6296875 0.2750000000000001 0.5875 0.2750000000000001 0.5875 0.3031250000000001 0.6296875 0.3031250000000001
1 0.7890625 0.08593750000000008 0.7640625 0.08593750000000008 0.7640625 0.10000000000000009 0.7890625 0.10000000000000009
1 0.675 0.23593750000000008 0.640625 0.23593750000000008 0.640625 0.2609375000000001 0.675 0.2609375000000001
1 0.7515625 0.14062500000000008 0.7265625 0.14062500000000008 0.7265625 0.1593750000000001 0.7515625 0.1593750000000001
1 0.7078125 0.1984375000000001 0.671875 0.1984375000000001 0.671875 0.22031250000000008 0.7078125 0.22031250000000008
0 0.721875 0.4953125 0.6515625 0.4953125 0.6515625 0.5796875 0.721875 0.5796875
1 0.6515625 0.2531250000000001 0.6125 0.2531250000000001 0.6125 0.2765625000000001 0.6515625 0.2765625000000001
1 0.6828125 0.21250000000000008 0.653125 0.21250000000000008 0.653125 0.23593750000000008 0.6828125 0.23593750000000008
1 0.7921875 0.1062500000000001 0.7640625 0.1062500000000001 0.7640625 0.1218750000000001 0.7921875 0.1218750000000001
0 0.7421875 0.07812500000000008 0.7125 0.07812500000000008 0.7125 0.10781250000000009 0.7421875 0.10781250000000009
1 0.7515625 0.1546875000000001 0.721875 0.1546875000000001 0.721875 0.17343750000000008 0.7515625 0.17343750000000008
0 0.896875 0.10000000000000009 0.846875 0.10000000000000009 0.846875 0.1671875000000001 0.896875 0.1671875000000001