0 0.32656250000000003 0.3375 0.225 0.3375 0.22500000000000003 0.4515625 0.3265625000000001 0.4515625
1 0.5453125 0.2812500000000001 0.4953125 0.2812500000000001 0.4953125 0.3203125000000001 0.5453125 0.3203125000000001
1 0.6375 0.18750000000000008 0.6125 0.18750000000000008 0.6125 0.20468750000000008 0.6375 0.20468750000000008
1 0.728125 0.07031250000000008 0.7078125 0.07031250000000008 0.7078125 0.08125000000000009 0.728125 0.08125000000000009
0 0.421875 0.459375 0.2921875000000001 0.459375 0.2921875000000001 0.5875 0.421875 0.5875
0 1 0.7031250000000002 0.84375 0.7031250000000002 0.84375 0.9265625 1 0.9265625
1 0.628125 0.1984375000000001 0.59375 0.1984375000000001 0.59375 0.22031250000000008 0.628125 0.22031250000000008
1 0.6546875 0.16562500000000008 0.625 0.16562500000000008 0.625 0.1828125000000001 0.6546875 0.1828125000000001
1 0.59375 0.2296875000000001 0.56875 0.2296875000000001 0.56875 0.24218750000000008 0.59375 0.24218750000000008
1 0.6796875 0.1296875000000001 0.65 0.1296875000000001 0.65 0.15000000000000008 0.6796875 0.15000000000000008
1 0.690625 0.1062500000000001 0.6671875 0.1062500000000001 0.6671875 0.12031250000000009 0.690625 0.12031250000000009
1 0.703125 0.09218750000000009 0.68125 0.09218750000000009 0.68125 0.10937500000000008 0.703125 0.10937500000000008
1 0.6125 0.2093750000000001 0.575 0.2093750000000001 0.575 0.2375000000000001 0.6125 0.2375000000000001
0 0.65625 0.4671875 0.490625 0.4671875 0.490625 0.6296875 0.65625 0.6296875
1 0.709375 0.08593750000000008 0.6875 0.08593750000000008 0.6875 0.10000000000000009 0.709375 0.10000000000000009
1 0.503125 0.3343750000000001 0.4453125 0.3343750000000001 0.4453125 0.3734375000000001 0.503125 0.3734375000000001