1 0.7 0.10781250000000009 0.6765625 0.10781250000000009 0.6765625 0.1218750000000001 0.7 0.1218750000000001
1 0.6203125 0.20312500000000008 0.584375 0.20312500000000008 0.584375 0.2312500000000001 0.6203125 0.2312500000000001
1 0.6734375 0.13281250000000008 0.6484375 0.13281250000000008 0.6484375 0.14843750000000008 0.6734375 0.14843750000000008
1 0.640625 0.1687500000000001 0.6125 0.1687500000000001 0.6125 0.1859375000000001 0.640625 0.1859375000000001
1 0.5359375 0.3203125000000001 0.4921875 0.3203125000000001 0.4921875 0.3546875000000001 0.5359375 0.3546875000000001
0 0.8703125 0.6468750000000001 0.7109375 0.646875 0.7109375000000001 0.815625 0.8703125 0.815625
0 0.684375 0.5015625 0.553125 0.5015625 0.553125 0.625 0.684375 0.625
1 0.6625 0.1390625000000001 0.634375 0.1390625000000001 0.634375 0.16406250000000008 0.6625 0.16406250000000008
0 0.3375 0.290625 0.19531250000000006 0.290625 0.19531250000000006 0.45625 0.3375000000000001 0.45625
1 0.5125 0.34843750000000007 0.4609375 0.34843750000000007 0.4609375 0.38750000000000007 0.5125 0.38750000000000007
0 1 0.7640625000000002 0.9390625 0.7640625000000002 0.9390625 0.9140625 1 0.9140625
0 0.5796875 0.5203125 0.4578125 0.5203125 0.4578125 0.6625 0.5796875 0.6625
1 0.571875 0.2750000000000001 0.53125 0.2750000000000001 0.53125 0.3031250000000001 0.571875 0.3031250000000001