0 1 0.5718750000000001 0.8359375 0.5718750000000001 0.8359375 0.853125 1 0.853125
0 0.7953125 0.11093750000000009 0.7625 0.11093750000000009 0.7625 0.1390625000000001 0.7953125 0.1390625000000001
1 0.58125 0.2515625000000001 0.5453125 0.2515625000000001 0.5453125 0.27812500000000007 0.58125 0.27812500000000007
1 0.6015625 0.22812500000000008 0.5640625 0.22812500000000008 0.5640625 0.25468750000000007 0.6015625 0.25468750000000007
0 0.6421875 0.5234375 0.5484375 0.5234375 0.5484375 0.6171875 0.6421875 0.6171875
1 0.715625 0.07343750000000009 0.696875 0.07343750000000009 0.696875 0.08750000000000009 0.715625 0.08750000000000009
1 0.6390625 0.1781250000000001 0.6078125 0.1781250000000001 0.6078125 0.2000000000000001 0.6390625 0.2000000000000001
0 0.33593750000000006 0.321875 0.2359375 0.321875 0.23593750000000005 0.4359375 0.3359375000000001 0.4359375
0 0.825 0.1359375000000001 0.7890625 0.1359375000000001 0.7890625 0.1859375000000001 0.825 0.1859375000000001
1 0.7046875 0.10000000000000009 0.6796875 0.10000000000000009 0.6796875 0.1140625000000001 0.7046875 0.1140625000000001
0 0.9765625 0.043750000000000115 0.9328125 0.04375000000000011 0.9328125 0.0875000000000001 0.9765625 0.0875000000000001
0 0.6703125 0.06250000000000008 0.63125 0.06250000000000007 0.63125 0.09687500000000007 0.6703125 0.09687500000000009
1 0.5890625 0.2796875000000001 0.55 0.2796875000000001 0.55 0.3156250000000001 0.5890625 0.3156250000000001
0 0.9515625 0.009375000000000116 0.9203125 0.009375000000000114 0.9203125 0.02812500000000011 0.9515625 0.02812500000000011
0 0.8796875 0.03593750000000011 0.8421875 0.0359375000000001 0.8421875 0.0718750000000001 0.8796875 0.0718750000000001
0 1 0.3187500000000001 0.9609375 0.3187500000000001 0.9609375 0.3828125000000001 1 0.3828125000000001