1 0.6875 0.11093750000000009 0.6734375 0.11093750000000009 0.6734375 0.1296875000000001 0.6875 0.1296875000000001
1 0.6734375 0.1375000000000001 0.64375 0.1375000000000001 0.64375 0.1609375000000001 0.6734375 0.1609375000000001
0 0.8265625 0.1359375000000001 0.79375 0.1359375000000001 0.79375 0.1781250000000001 0.8265625 0.1781250000000001
0 0.88125 0.6625000000000002 0.7453125 0.6625000000000002 0.7453125 0.825 0.88125 0.825
1 0.63125 0.18125000000000008 0.6015625 0.18125000000000008 0.6015625 0.20312500000000008 0.63125 0.20312500000000008
0 0.9765625 0.043750000000000115 0.9328125 0.04375000000000011 0.9328125 0.0875000000000001 0.9765625 0.0875000000000001
0 1 0.3140625000000001 0.959375 0.3140625000000001 0.959375 0.3828125000000001 1 0.3828125000000001
0 0.8 0.10937500000000008 0.7671875 0.10937500000000008 0.7671875 0.1453125000000001 0.8 0.1453125000000001
0 0.7390625 0.02968750000000009 0.7078125 0.02968750000000009 0.7078125 0.06093750000000009 0.7390625 0.06093750000000009
0 1 0.6890625000000001 0.9578125 0.6890625000000001 0.9578125 0.84375 1 0.84375
0 0.8796875 0.0375000000000001 0.8453125 0.0375000000000001 0.8453125 0.0718750000000001 0.8796875 0.0718750000000001
0 0.95 0.009375000000000116 0.91875 0.009375000000000114 0.91875 0.02812500000000011 0.95 0.02812500000000011
1 0.5875 0.2531250000000001 0.54375 0.2531250000000001 0.54375 0.2812500000000001 0.5875 0.2812500000000001
0 0.8171875 0.1828125000000001 0.7859375 0.1828125000000001 0.7859375 0.2156250000000001 0.8171875 0.2156250000000001