1 0.628125 0.3296875000000001 0.584375 0.3296875000000001 0.584375 0.3625000000000001 0.628125 0.3625000000000001
1 0.5703125 0.3671875000000001 0.5234375 0.3671875000000001 0.5234375 0.403125 0.5703125 0.403125
1 0.640625 0.2734375000000001 0.5890625 0.2734375000000001 0.5890625 0.30937500000000007 0.640625 0.30937500000000007
1 0.609375 0.3500000000000001 0.5609375 0.3500000000000001 0.5609375 0.3906250000000001 0.609375 0.3906250000000001
1 0.6515625 0.2593750000000001 0.60625 0.2593750000000001 0.60625 0.2890625000000001 0.6515625 0.2890625000000001
0 0.9984375 0.5796875000000001 0.8703125 0.5796875000000001 0.8703125 0.809375 0.9984375 0.809375
0 0.8703125 0.09375000000000011 0.8265625 0.09375000000000011 0.8265625 0.1390625000000001 0.8703125 0.1390625000000001
1 0.71875 0.2218750000000001 0.6859375 0.2218750000000001 0.6859375 0.24375000000000008 0.71875 0.24375000000000008
1 0.7 0.23593750000000008 0.6640625 0.23593750000000008 0.6640625 0.2593750000000001 0.7 0.2593750000000001
0 0.890625 0.12031250000000009 0.8578125 0.12031250000000009 0.8578125 0.1593750000000001 0.890625 0.1593750000000001
0 0.75 0.08125000000000009 0.7171875 0.08125000000000009 0.7171875 0.11562500000000009 0.75 0.11562500000000009
1 0.7140625 0.18906250000000008 0.684375 0.18906250000000008 0.684375 0.2062500000000001 0.7140625 0.2062500000000001
0 0.8625 0.12656250000000008 0.8125 0.12656250000000008 0.8125 0.1687500000000001 0.8625 0.1687500000000001
1 0.7890625 0.09375000000000008 0.7703125 0.09375000000000008 0.7703125 0.10781250000000009 0.7890625 0.10781250000000009
0 0.8859375 0.06875000000000012 0.8359375 0.06875000000000012 0.8359375 0.10937500000000008 0.8859375 0.10937500000000008
1 0.8015625 0.10468750000000009 0.7828125 0.10468750000000009 0.7828125 0.11718750000000008 0.8015625 0.11718750000000008
1 0.8015625 0.07812500000000008 0.7828125 0.07812500000000008 0.7828125 0.08906250000000009 0.8015625 0.08906250000000009
0 0.8203125 0.5843750000000002 0.7328125 0.5843750000000002 0.7328125000000001 0.7296875000000002 0.8203125 0.7296875000000002
1 0.6546875 0.2500000000000001 0.61875 0.2500000000000001 0.61875 0.2718750000000001 0.6546875 0.2718750000000001
1 0.775 0.1359375000000001 0.75 0.1359375000000001 0.75 0.1531250000000001 0.775 0.1531250000000001
1 0.78125 0.10312500000000009 0.7625 0.10312500000000009 0.7625 0.12031250000000009 0.78125 0.12031250000000009
0 0.796875 0.04062500000000009 0.7625 0.04062500000000009 0.7625 0.06562500000000009 0.796875 0.06562500000000009
1 0.7515625 0.17187500000000008 0.721875 0.17187500000000008 0.721875 0.18906250000000008 0.7515625 0.18906250000000008
0 0.509375 0.4078125 0.38750000000000007 0.4078125 0.38750000000000007 0.5421875 0.509375 0.5421875
0 0.20937500000000003 0.2828125 0.08125000000000004 0.2828125 0.08125000000000004 0.384375 0.2093750000000001 0.384375