0 0.928125 0.6921875000000002 0.7859375 0.6921875000000002 0.7859375000000001 0.8515625 0.928125 0.8515625
1 0.6421875 0.1625000000000001 0.60625 0.1625000000000001 0.60625 0.1828125000000001 0.6421875 0.1828125000000001
1 0.6796875 0.1140625000000001 0.6546875 0.1140625000000001 0.6546875 0.1296875000000001 0.6796875 0.1296875000000001
1 0.6046875 0.2171875000000001 0.5671875 0.2171875000000001 0.5671875 0.24218750000000008 0.6046875 0.24218750000000008
1 0.5859375 0.23437500000000008 0.5484375 0.23437500000000008 0.5484375 0.2609375000000001 0.5859375 0.2609375000000001
1 0.7140625 0.07812500000000008 0.690625 0.07812500000000008 0.690625 0.09218750000000009 0.7140625 0.09218750000000009
0 0.6375 0.5234375 0.5453125 0.5234375 0.5453125 0.6140625 0.6375 0.6140625
1 0.71875 0.0671875000000001 0.7 0.0671875000000001 0.7 0.08125000000000009 0.71875 0.08125000000000009
1 0.6171875 0.2000000000000001 0.5859375 0.2000000000000001 0.5859375 0.2234375000000001 0.6171875 0.2234375000000001
1 0.6390625 0.1765625000000001 0.603125 0.1765625000000001 0.603125 0.2000000000000001 0.6390625 0.2000000000000001
1 0.6265625 0.18750000000000008 0.6 0.18750000000000008 0.6 0.2062500000000001 0.6265625 0.2062500000000001
1 0.578125 0.2562500000000001 0.534375 0.2562500000000001 0.534375 0.2875000000000001 0.578125 0.2875000000000001
1 0.7046875 0.08906250000000009 0.6828125 0.08906250000000009 0.6828125 0.10468750000000009 0.7046875 0.10468750000000009
1 0.696875 0.10781250000000009 0.6734375 0.10781250000000009 0.6734375 0.1218750000000001 0.696875 0.1218750000000001
0 0.56875 0.3625000000000001 0.4875 0.3625000000000001 0.4875 0.5125 0.56875 0.5125
1 0.6546875 0.1546875000000001 0.63125 0.1546875000000001 0.63125 0.17187500000000008 0.6546875 0.17187500000000008
1 0.6671875 0.12656250000000008 0.64375 0.12656250000000008 0.64375 0.1437500000000001 0.6671875 0.1437500000000001
1 0.7359375 0.05625000000000009 0.715625 0.05625000000000009 0.715625 0.07031250000000008 0.7359375 0.07031250000000008
1 0.665625 0.1375000000000001 0.640625 0.1375000000000001 0.640625 0.1546875000000001 0.665625 0.1546875000000001
0 0.5875 0.5265625 0.4546875 0.5265625 0.4546875 0.6703125 0.5875 0.6703125
0 0.31875000000000003 0.328125 0.2015625 0.328125 0.20156250000000003 0.4609375 0.3187500000000001 0.4609375