1 0.8 0.08906250000000009 0.7671875 0.08906250000000009 0.7671875 0.1062500000000001 0.8 0.1062500000000001
1 0.75625 0.13281250000000008 0.725 0.13281250000000008 0.725 0.14843750000000008 0.75625 0.14843750000000008
1 0.7640625 0.11718750000000008 0.7328125 0.11718750000000008 0.7328125 0.13281250000000008 0.7640625 0.13281250000000008
1 0.778125 0.1062500000000001 0.75 0.1062500000000001 0.75 0.1218750000000001 0.778125 0.1218750000000001
1 0.7546875 0.1515625000000001 0.7234375 0.1515625000000001 0.7234375 0.17187500000000008 0.7546875 0.17187500000000008
1 0.796875 0.0984375000000001 0.7625 0.0984375000000001 0.7625 0.11562500000000009 0.796875 0.11562500000000009
1 0.6875 0.22031250000000008 0.6515625 0.22031250000000008 0.6515625 0.2406250000000001 0.6875 0.2406250000000001
1 0.6953125 0.2093750000000001 0.66875 0.2093750000000001 0.66875 0.2296875000000001 0.6953125 0.2296875000000001
1 0.790625 0.11562500000000009 0.7515625 0.11562500000000009 0.7515625 0.13437500000000008 0.790625 0.13437500000000008
0 0.5484375 0.4359375 0.4390625 0.4359375 0.4390625 0.5484375 0.5484375 0.5484375
1 0.6890625 0.2406250000000001 0.65 0.2406250000000001 0.65 0.2609375000000001 0.6890625 0.2609375000000001
1 0.796875 0.08125000000000009 0.7796875 0.08125000000000009 0.7796875 0.09531250000000009 0.796875 0.09531250000000009
0 0.7453125 0.05937500000000009 0.70625 0.05937500000000009 0.70625 0.09531250000000009 0.7453125 0.09531250000000009
1 0.7265625 0.17968750000000008 0.69375 0.17968750000000008 0.69375 0.2000000000000001 0.7265625 0.2000000000000001
1 0.609375 0.3187500000000001 0.553125 0.3187500000000001 0.553125 0.35625000000000007 0.609375 0.35625000000000007
0 0.4265625 0.28906250000000006 0.309375 0.2890625 0.30937500000000007 0.4265625 0.4265625 0.4265625
0 0.878125 0.14843750000000008 0.8421875 0.14843750000000008 0.8421875 0.17968750000000008 0.878125 0.17968750000000008
0 0.853125 0.11875000000000009 0.8171875 0.11875000000000009 0.8171875 0.15625000000000008 0.853125 0.15625000000000008
1 0.7546875 0.1453125000000001 0.728125 0.1453125000000001 0.728125 0.15781250000000008 0.7546875 0.15781250000000008
0 0.871875 0.10156250000000008 0.8453125 0.10156250000000008 0.8453125 0.12656250000000008 0.871875 0.12656250000000008
0 0.7296875 0.10312500000000009 0.690625 0.10312500000000009 0.690625 0.1296875000000001 0.7296875 0.1296875000000001