1 0.6828125 0.1281250000000001 0.6546875 0.1281250000000001 0.6546875 0.1437500000000001 0.6828125 0.1437500000000001
0 0.634375 0.51875 0.525 0.51875 0.525 0.6640625 0.634375 0.6640625
1 0.5 0.3578125000000001 0.4546875 0.3578125000000001 0.4546875 0.3921875000000001 0.5 0.3921875000000001
0 0.884375 0.6046875000000002 0.7625 0.6046875000000002 0.7625000000000001 0.7937500000000002 0.884375 0.7937500000000002
1 0.534375 0.3187500000000001 0.4859375 0.3187500000000001 0.4859375 0.3531250000000001 0.534375 0.3531250000000001
1 0.5921875 0.2375000000000001 0.55625 0.2375000000000001 0.55625 0.2640625000000001 0.5921875 0.2640625000000001
0 0.24218750000000006 0.328125 0.12500000000000006 0.328125 0.12500000000000006 0.4078125 0.24218750000000008 0.4078125
0 0.825 0.13437500000000008 0.790625 0.13437500000000008 0.790625 0.1781250000000001 0.825 0.1781250000000001
0 0.978125 0.043750000000000115 0.9328125 0.04375000000000011 0.9328125 0.08906250000000011 0.978125 0.08906250000000011
0 0.66875 0.05937500000000008 0.6296875 0.05937500000000007 0.6296875 0.10000000000000009 0.66875 0.10000000000000009
1 0.7 0.09531250000000009 0.678125 0.09531250000000009 0.678125 0.11093750000000009 0.7 0.11093750000000009