1 0.659375 0.1437500000000001 0.634375 0.1437500000000001 0.634375 0.1609375000000001 0.659375 0.1609375000000001
1 0.6734375 0.1312500000000001 0.653125 0.1312500000000001 0.653125 0.14843750000000008 0.6734375 0.14843750000000008
1 0.703125 0.07968750000000009 0.6859375 0.07968750000000009 0.6859375 0.09375000000000008 0.703125 0.09375000000000008
1 0.7265625 0.06562500000000009 0.7046875 0.06562500000000009 0.7046875 0.07812500000000008 0.7265625 0.07812500000000008
0 0.27656250000000004 0.278125 0.18593750000000003 0.278125 0.18593750000000003 0.440625 0.2765625000000001 0.440625
1 0.58125 0.23437500000000008 0.5421875 0.23437500000000008 0.5421875 0.2609375000000001 0.58125 0.2609375000000001
1 0.6890625 0.12656250000000008 0.6640625 0.12656250000000008 0.6640625 0.1437500000000001 0.6890625 0.1437500000000001
0 0.428125 0.4546875 0.30156250000000007 0.4546875 0.30156250000000007 0.5859375 0.428125 0.5859375
1 0.571875 0.2578125000000001 0.5203125 0.2578125000000001 0.5203125 0.29375000000000007 0.571875 0.29375000000000007
0 1 0.6890625000000001 0.9125 0.6890625000000001 0.9125 0.8671875 1 0.8671875
1 0.7421875 0.05625000000000009 0.7265625 0.05625000000000009 0.7265625 0.06875000000000009 0.7421875 0.06875000000000009
0 0.978125 0.043750000000000115 0.9328125 0.04375000000000011 0.9328125 0.0875000000000001 0.978125 0.0875000000000001
1 0.6515625 0.16562500000000008 0.6234375 0.16562500000000008 0.6234375 0.1781250000000001 0.6515625 0.1781250000000001
1 0.6421875 0.2156250000000001 0.6015625 0.2156250000000001 0.6015625 0.25468750000000007 0.6421875 0.25468750000000007