0 0.878125 0.6140625000000002 0.75 0.6140625000000002 0.7500000000000001 0.7625000000000002 0.878125 0.7625000000000002
1 0.5796875 0.403125 0.5234375 0.403125 0.5234375 0.45 0.5796875 0.45
1 0.6375 0.2734375000000001 0.603125 0.2734375000000001 0.603125 0.3062500000000001 0.6375 0.3062500000000001
1 0.7671875 0.1359375000000001 0.7421875 0.1359375000000001 0.7421875 0.1515625000000001 0.7671875 0.1515625000000001
1 0.690625 0.26250000000000007 0.6515625 0.26250000000000007 0.6515625 0.2890625000000001 0.690625 0.2890625000000001
1 0.765625 0.11875000000000009 0.7375 0.11875000000000009 0.7375 0.13281250000000008 0.765625 0.13281250000000008
1 0.671875 0.2312500000000001 0.640625 0.2312500000000001 0.640625 0.2562500000000001 0.671875 0.2562500000000001
1 0.7828125 0.13437500000000008 0.7640625 0.13437500000000008 0.7640625 0.15000000000000008 0.7828125 0.15000000000000008
1 0.775 0.10937500000000008 0.753125 0.10937500000000008 0.753125 0.1218750000000001 0.775 0.1218750000000001
1 0.5953125 0.3375000000000001 0.5375 0.3375000000000001 0.5375 0.3843750000000001 0.5953125 0.3843750000000001
1 0.7109375 0.1843750000000001 0.6828125 0.1843750000000001 0.6828125 0.20468750000000008 0.7109375 0.20468750000000008
0 0.12031250000000004 0.246875 0.014062500000000028 0.246875 0.014062500000000033 0.3265625 0.12031250000000004 0.3265625
0 0.871875 0.06562500000000011 0.8390625 0.06562500000000011 0.8390625 0.09687500000000011 0.871875 0.09687500000000011
0 0.625 0.484375 0.503125 0.484375 0.503125 0.6140625 0.625 0.6140625
1 0.6421875 0.2562500000000001 0.609375 0.2562500000000001 0.609375 0.2828125000000001 0.6421875 0.2828125000000001
0 0.8734375 0.0640625000000001 0.8171875 0.0640625000000001 0.8171875 0.1531250000000001 0.8734375 0.1531250000000001
1 0.5375 0.3593750000000001 0.50625 0.3593750000000001 0.50625 0.39531250000000007 0.5375 0.39531250000000007
0 0.7625 0.5437500000000001 0.6765625 0.54375 0.6765625 0.6140625000000001 0.7625 0.6140625000000002