1 0.684375 0.2156250000000001 0.653125 0.2156250000000001 0.653125 0.2390625000000001 0.684375 0.2390625000000001
1 0.675 0.25468750000000007 0.6375 0.25468750000000007 0.6375 0.27812500000000007 0.675 0.27812500000000007
0 0.8734375 0.0953125000000001 0.828125 0.0953125000000001 0.828125 0.1375000000000001 0.8734375 0.1375000000000001
1 0.75625 0.15781250000000008 0.7328125 0.15781250000000008 0.7328125 0.1750000000000001 0.75625 0.1750000000000001
0 0.8921875 0.12031250000000009 0.85625 0.12031250000000009 0.85625 0.1531250000000001 0.8921875 0.1531250000000001
1 0.740625 0.1593750000000001 0.7140625 0.1593750000000001 0.7140625 0.1765625000000001 0.740625 0.1765625000000001
0 0.75 0.07812500000000008 0.71875 0.07812500000000008 0.71875 0.11562500000000009 0.75 0.11562500000000009
1 0.7328125 0.18125000000000008 0.7 0.18125000000000008 0.7 0.20312500000000008 0.7328125 0.20312500000000008
0 0.859375 0.1281250000000001 0.8171875 0.1281250000000001 0.8171875 0.1687500000000001 0.859375 0.1687500000000001
1 0.7640625 0.1515625000000001 0.7375 0.1515625000000001 0.7375 0.1671875000000001 0.7640625 0.1671875000000001
1 0.796875 0.1140625000000001 0.775 0.1140625000000001 0.775 0.12656250000000008 0.796875 0.12656250000000008
1 0.8125 0.0906250000000001 0.7875 0.0906250000000001 0.7875 0.10312500000000009 0.8125 0.10312500000000009
0 0.8921875 0.08906250000000011 0.8671875 0.08906250000000011 0.8671875 0.1296875000000001 0.8921875 0.1296875000000001
1 0.7875 0.0984375000000001 0.7671875 0.0984375000000001 0.7671875 0.10937500000000008 0.7875 0.10937500000000008
1 0.821875 0.0578125000000001 0.80625 0.057812500000000086 0.80625 0.0703125000000001 0.821875 0.07031250000000011
1 0.7890625 0.11718750000000008 0.765625 0.11718750000000008 0.765625 0.13281250000000008 0.7890625 0.13281250000000008
0 0.12656250000000005 0.215625 2.6406446606614805e-17 0.215625 3.3773462507735604e-17 0.3359375 0.12656250000000005 0.3359375
0 0.953125 0.5937500000000002 0.834375 0.5937500000000002 0.834375 0.7500000000000002 0.953125 0.7500000000000002
0 0.815625 0.5625000000000001 0.69375 0.5625 0.69375 0.6843750000000001 0.815625 0.6843750000000002
1 0.8046875 0.06875000000000009 0.7890625 0.06875000000000009 0.7890625 0.07968750000000009 0.8046875 0.07968750000000009
1 0.8078125 0.08125000000000009 0.7890625 0.08125000000000009 0.7890625 0.09375000000000008 0.8078125 0.09375000000000008
0 0.8828125 0.1390625000000001 0.8453125 0.1390625000000001 0.8453125 0.1781250000000001 0.8828125 0.1781250000000001
0 0.796875 0.04062500000000009 0.7640625 0.04062500000000009 0.7640625 0.06406250000000009 0.796875 0.06406250000000009
0 0.725 0.08906250000000009 0.70625 0.08906250000000009 0.70625 0.10937500000000008 0.725 0.10937500000000008
1 0.7640625 0.12656250000000008 0.734375 0.12656250000000008 0.734375 0.14218750000000008 0.7640625 0.14218750000000008