1 0.5453125 0.33281250000000007 0.4953125 0.33281250000000007 0.4953125 0.3656250000000001 0.5453125 0.3656250000000001
0 0.4875 0.4921875 0.3750000000000001 0.4921875 0.3750000000000001 0.625 0.4875 0.625
0 0.7671875000000001 0.6203125 0.6640625 0.6203125 0.6640625000000001 0.7656250000000001 0.7671875000000001 0.7656250000000002
1 0.6921875 0.11093750000000009 0.66875 0.11093750000000009 0.66875 0.12656250000000008 0.6921875 0.12656250000000008
1 0.6953125 0.10312500000000009 0.675 0.10312500000000009 0.675 0.11718750000000008 0.6953125 0.11718750000000008
1 0.5625 0.2734375000000001 0.5203125 0.2734375000000001 0.5203125 0.3031250000000001 0.5625 0.3031250000000001
1 0.6328125 0.18750000000000008 0.6 0.18750000000000008 0.6 0.2078125000000001 0.6328125 0.2078125000000001
0 0.96875 0.6890625000000001 0.8078125 0.6890625000000001 0.8078125 0.8625 0.96875 0.8625
1 0.7125 0.08437500000000009 0.6921875 0.08437500000000009 0.6921875 0.09687500000000009 0.7125 0.09687500000000009
1 0.6578125 0.1468750000000001 0.634375 0.1468750000000001 0.634375 0.16406250000000008 0.6578125 0.16406250000000008
1 0.625 0.23437500000000008 0.58125 0.23437500000000008 0.58125 0.2578125000000001 0.625 0.2578125000000001
1 0.6171875 0.21250000000000008 0.56875 0.21250000000000008 0.56875 0.2375000000000001 0.6171875 0.2375000000000001
0 0.12187500000000004 0.2828125 0.0015625000000000348 0.2828125 0.0015625000000000435 0.4265625 0.12187500000000004 0.4265625
1 0.575 0.2531250000000001 0.5375 0.2531250000000001 0.5375 0.27812500000000007 0.575 0.27812500000000007
1 0.6671875 0.13281250000000008 0.6359375 0.13281250000000008 0.6359375 0.14843750000000008 0.6671875 0.14843750000000008
1 0.6453125 0.1750000000000001 0.6171875 0.1750000000000001 0.6171875 0.19687500000000008 0.6453125 0.19687500000000008
0 0.9765625 0.043750000000000115 0.9328125 0.04375000000000011 0.9328125 0.0875000000000001 0.9765625 0.0875000000000001
1 0.6734375 0.1750000000000001 0.6453125 0.1750000000000001 0.6453125 0.1937500000000001 0.6734375 0.1937500000000001
1 0.609375 0.2468750000000001 0.565625 0.2468750000000001 0.565625 0.27031250000000007 0.609375 0.27031250000000007
1 0.5421875 0.2968750000000001 0.4921875 0.2968750000000001 0.4921875 0.3234375000000001 0.5421875 0.3234375000000001
0 0.8390625 0.0906250000000001 0.8078125 0.0906250000000001 0.8078125 0.13437500000000008 0.8390625 0.13437500000000008
1 0.7 0.12500000000000008 0.6734375 0.12500000000000008 0.6734375 0.1437500000000001 0.7 0.1437500000000001
0 1 0.39531250000000007 0.946875 0.39531250000000007 0.946875 0.47968750000000016 1 0.47968750000000016
0 0.9515625 0.009375000000000116 0.91875 0.009375000000000114 0.91875 0.02812500000000011 0.9515625 0.02812500000000011
0 0.671875 0.06406250000000009 0.6359375 0.06406250000000009 0.6359375 0.09218750000000009 0.671875 0.09218750000000009