1 0.6078125 0.3140625000000001 0.56875 0.3140625000000001 0.56875 0.34843750000000007 0.6078125 0.34843750000000007
0 0.19062500000000004 0.2828125 0.07656250000000005 0.2828125 0.07656250000000005 0.3734375 0.19062500000000004 0.3734375
1 0.6609375 0.2593750000000001 0.6171875 0.2593750000000001 0.6171875 0.2906250000000001 0.6609375 0.2906250000000001
0 0.853125 0.11875000000000009 0.81875 0.11875000000000009 0.81875 0.14843750000000008 0.853125 0.14843750000000008
1 0.775 0.12656250000000008 0.740625 0.12656250000000008 0.740625 0.15000000000000008 0.775 0.15000000000000008
1 0.7453125 0.1468750000000001 0.7125 0.1468750000000001 0.7125 0.16406250000000008 0.7453125 0.16406250000000008
0 0.725 0.5109375 0.628125 0.5109375 0.628125 0.6046875 0.725 0.6046875
0 0.8828125 0.14843750000000008 0.84375 0.14843750000000008 0.84375 0.17968750000000008 0.8828125 0.17968750000000008
0 0.89375 0.10468750000000009 0.8578125 0.10468750000000009 0.8578125 0.12500000000000008 0.89375 0.12500000000000008
1 0.7671875 0.11875000000000009 0.7375 0.11875000000000009 0.7375 0.1375000000000001 0.7671875 0.1375000000000001
1 0.75625 0.1593750000000001 0.709375 0.1593750000000001 0.709375 0.1781250000000001 0.75625 0.1781250000000001
1 0.7078125 0.2140625000000001 0.665625 0.2140625000000001 0.665625 0.2390625000000001 0.7078125 0.2390625000000001
0 0.884375 0.1140625000000001 0.8484375 0.1140625000000001 0.8484375 0.14218750000000008 0.884375 0.14218750000000008
1 0.79375 0.08750000000000009 0.7703125 0.08750000000000009 0.7703125 0.10468750000000009 0.79375 0.10468750000000009
1 0.7765625 0.1062500000000001 0.753125 0.1062500000000001 0.753125 0.12500000000000008 0.7765625 0.12500000000000008