1 0.7203125 0.19531250000000008 0.690625 0.19531250000000008 0.690625 0.2156250000000001 0.7203125 0.2156250000000001
1 0.725 0.1687500000000001 0.6984375 0.1687500000000001 0.6984375 0.1859375000000001 0.725 0.1859375000000001
0 0.7921875 0.10937500000000008 0.753125 0.10937500000000008 0.753125 0.14218750000000008 0.7921875 0.14218750000000008
0 0.859375 0.1281250000000001 0.828125 0.1281250000000001 0.828125 0.1671875000000001 0.859375 0.1671875000000001
0 0.8984375 0.09218750000000012 0.8703125 0.09218750000000012 0.8703125 0.1296875000000001 0.8984375 0.1296875000000001
0 0.75 0.1359375000000001 0.70625 0.1359375000000001 0.70625 0.17343750000000008 0.75 0.17343750000000008
0 0.86875 0.0953125000000001 0.834375 0.0953125000000001 0.834375 0.1296875000000001 0.86875 0.1296875000000001
0 0.05937500000000003 0.24375 2.985076572921674e-17 0.24375 3.5112919944303015e-17 0.3296875 0.059375000000000046 0.3296875
0 0.88125 0.1375000000000001 0.846875 0.1375000000000001 0.846875 0.1781250000000001 0.88125 0.1781250000000001
0 0.9984375 0.7015625000000002 0.7453125 0.7015625000000002 0.7453125 0.99375 0.9984375 0.99375
0 0.11562500000000005 0.21875 0.015625000000000028 0.21875 0.015625000000000035 0.2984375 0.11562500000000005 0.2984375
1 0.803125 0.09531250000000009 0.7828125 0.09531250000000009 0.7828125 0.10937500000000008 0.803125 0.10937500000000008