0 0.5578125 0.2156250000000001 0.453125 0.2156250000000001 0.453125 0.30156250000000007 0.5578125 0.30156250000000007
0 0.521875 0.4421875 0.3515625000000001 0.4421875 0.3515625000000001 0.6375 0.521875 0.6375
1 0.3265625 0.007812500000000036 0.28125 0.007812500000000033 0.28125 0.02500000000000004 0.3265625 0.025000000000000043
1 0.5 0.10156250000000004 0.48125 0.10156250000000004 0.48125 0.12187500000000004 0.5 0.12187500000000004
1 0.40625 0.06250000000000004 0.38125 0.06250000000000004 0.38125 0.08437500000000005 0.40625 0.08437500000000005
1 0.396875 0.03750000000000005 0.3609375 0.03750000000000005 0.3609375 0.05625000000000004 0.396875 0.05625000000000004
0 0.546875 0.19531250000000006 0.4703125 0.19531250000000006 0.4703125 0.2390625000000001 0.546875 0.2390625000000001
0 0.7453125 0.1625000000000001 0.6484375 0.1625000000000001 0.6484375 0.2406250000000001 0.7453125 0.2406250000000001
1 0.575 0.11562500000000006 0.51875 0.11562500000000005 0.51875 0.14687500000000006 0.575 0.1468750000000001
1 0.4921875 0.09843750000000007 0.48125 0.09843750000000007 0.48125 0.10937500000000004 0.4921875 0.10937500000000004
1 0.3015625 3.482589335075286e-17 0.2671875 3.2721031664718344e-17 0.2671875 0.007812500000000035 0.3015625 0.007812500000000036