1 0.675 0.12343750000000009 0.6625 0.12343750000000009 0.6625 0.1375000000000001 0.675 0.1375000000000001
0 0.321875 0.2734375 0.20625 0.2734375 0.20625000000000004 0.453125 0.3218750000000001 0.453125
1 0.6578125 0.15781250000000008 0.6265625 0.15781250000000008 0.6265625 0.18125000000000008 0.6578125 0.18125000000000008
1 0.5515625 0.3000000000000001 0.5046875 0.3000000000000001 0.5046875 0.3296875000000001 0.5515625 0.3296875000000001
1 0.6109375 0.2078125000000001 0.575 0.2078125000000001 0.575 0.2328125000000001 0.6109375 0.2328125000000001
0 0.909375 0.6796875000000002 0.8 0.6796875000000002 0.8 0.8546875 0.909375 0.8546875
0 0.8 0.10781250000000009 0.7703125 0.10781250000000009 0.7703125 0.1468750000000001 0.8 0.1468750000000001
0 0.9765625 0.043750000000000115 0.9328125 0.04375000000000011 0.9328125 0.0875000000000001 0.9765625 0.0875000000000001
0 0.95625 0.6812500000000001 0.878125 0.6812500000000001 0.878125 0.7578125000000002 0.95625 0.7578125000000002
0 1 0.3156250000000001 0.959375 0.3156250000000001 0.959375 0.3812500000000001 1 0.3812500000000001
0 0.9515625 0.009375000000000116 0.91875 0.009375000000000114 0.91875 0.02812500000000011 0.9515625 0.02812500000000011