1 0.615625 0.2953125000000001 0.5765625 0.2953125000000001 0.5765625 0.3265625000000001 0.615625 0.3265625000000001
1 0.8078125 0.0750000000000001 0.7921875 0.0750000000000001 0.7921875 0.08750000000000009 0.8078125 0.08750000000000009
1 0.596875 0.3531250000000001 0.5453125 0.3531250000000001 0.5453125 0.38750000000000007 0.596875 0.38750000000000007
0 0.890625 0.11875000000000009 0.8578125 0.11875000000000009 0.8578125 0.1531250000000001 0.890625 0.1531250000000001
1 0.6859375 0.2375000000000001 0.6484375 0.2375000000000001 0.6484375 0.2671875000000001 0.6859375 0.2671875000000001
1 0.7203125 0.20312500000000008 0.6953125 0.20312500000000008 0.6953125 0.2234375000000001 0.7203125 0.2234375000000001
0 0.75 0.07656250000000009 0.7203125 0.07656250000000009 0.7203125 0.1140625000000001 0.75 0.1140625000000001
1 0.7328125 0.1937500000000001 0.7015625 0.1937500000000001 0.7015625 0.2140625000000001 0.7328125 0.2140625000000001
0 1 0.6515625000000002 0.8890625 0.6515625000000002 0.8890625 0.859375 1 0.859375
0 0.8640625 0.12656250000000008 0.8203125 0.12656250000000008 0.8203125 0.1671875000000001 0.8640625 0.1671875000000001
1 0.7625 0.15000000000000008 0.7390625 0.15000000000000008 0.7390625 0.16406250000000008 0.7625 0.16406250000000008
1 0.76875 0.1218750000000001 0.7453125 0.1218750000000001 0.7453125 0.1359375000000001 0.76875 0.1359375000000001
1 0.775 0.1437500000000001 0.75 0.1437500000000001 0.75 0.15781250000000008 0.775 0.15781250000000008
0 0.8734375 0.09218750000000012 0.8296875 0.09218750000000012 0.8296875 0.1359375000000001 0.8734375 0.1359375000000001
1 0.8078125 0.09218750000000009 0.7875 0.09218750000000009 0.7875 0.1062500000000001 0.8078125 0.1062500000000001
1 0.7015625 0.2078125000000001 0.6703125 0.2078125000000001 0.6703125 0.22812500000000008 0.7015625 0.22812500000000008
1 0.7890625 0.08437500000000009 0.771875 0.08437500000000009 0.771875 0.09531250000000009 0.7890625 0.09531250000000009
0 0.8828125 0.1375000000000001 0.8453125 0.1375000000000001 0.8453125 0.1765625000000001 0.8828125 0.1765625000000001
0 0.725 0.1062500000000001 0.68125 0.1062500000000001 0.68125 0.15781250000000008 0.725 0.15781250000000008
0 0.8984375 0.6328125000000002 0.796875 0.6328125000000002 0.7968750000000001 0.7906250000000001 0.8984375 0.7906250000000001
1 0.790625 0.09218750000000009 0.771875 0.09218750000000009 0.771875 0.10937500000000008 0.790625 0.10937500000000008
1 0.796875 0.1140625000000001 0.7703125 0.1140625000000001 0.7703125 0.12656250000000008 0.796875 0.12656250000000008
0 0.725 0.08906250000000009 0.7046875 0.08906250000000009 0.7046875 0.11250000000000009 0.725 0.11250000000000009
0 0.34062500000000007 0.309375 0.2515625 0.309375 0.2515625 0.39375 0.34062500000000007 0.39375
1 0.7421875 0.1671875000000001 0.69375 0.1671875000000001 0.69375 0.1906250000000001 0.7421875 0.1906250000000001