1 0.65625 0.27812500000000007 0.6078125 0.27812500000000007 0.6078125 0.30937500000000007 0.65625 0.30937500000000007
1 0.790625 0.09218750000000009 0.7703125 0.09218750000000009 0.7703125 0.1062500000000001 0.790625 0.1062500000000001
1 0.6671875 0.26250000000000007 0.621875 0.26250000000000007 0.621875 0.28593750000000007 0.6671875 0.28593750000000007
1 0.759375 0.1531250000000001 0.73125 0.1531250000000001 0.73125 0.17343750000000008 0.759375 0.17343750000000008
0 0.8515625 0.11875000000000009 0.8171875 0.11875000000000009 0.8171875 0.15625000000000008 0.8515625 0.15625000000000008
1 0.6625 0.2390625000000001 0.621875 0.2390625000000001 0.621875 0.2578125000000001 0.6625 0.2578125000000001
1 0.7515625 0.13437500000000008 0.7296875 0.13437500000000008 0.7296875 0.1515625000000001 0.7515625 0.1515625000000001
0 0.09687500000000003 0.23125 2.8319957230282545e-17 0.23125 3.319940932063528e-17 0.3109375 0.09687500000000004 0.3109375
1 0.5859375 0.3531250000000001 0.53125 0.3531250000000001 0.53125 0.3968750000000001 0.5859375 0.3968750000000001
0 1 0.6828125000000002 0.90625 0.6828125000000002 0.90625 0.8125 1 0.8125
1 0.7 0.2078125000000001 0.640625 0.2078125000000001 0.640625 0.2468750000000001 0.7 0.2468750000000001
1 0.7171875 0.1781250000000001 0.6859375 0.1781250000000001 0.6859375 0.1984375000000001 0.7171875 0.1984375000000001
1 0.7765625 0.1062500000000001 0.7515625 0.1062500000000001 0.7515625 0.12343750000000009 0.7765625 0.12343750000000009
1 0.740625 0.17343750000000008 0.7109375 0.17343750000000008 0.7109375 0.1906250000000001 0.740625 0.1906250000000001
1 0.7453125 0.1468750000000001 0.7109375 0.1468750000000001 0.7109375 0.16562500000000008 0.7453125 0.16562500000000008
1 0.778125 0.1218750000000001 0.75 0.1218750000000001 0.75 0.1375000000000001 0.778125 0.1375000000000001
1 0.740625 0.1609375000000001 0.715625 0.1609375000000001 0.715625 0.17968750000000008 0.740625 0.17968750000000008
1 0.7296875 0.2062500000000001 0.6890625 0.2062500000000001 0.6890625 0.2234375000000001 0.7296875 0.2234375000000001
0 0.8796875 0.1453125000000001 0.8421875 0.1453125000000001 0.8421875 0.17968750000000008 0.8796875 0.17968750000000008
1 0.790625 0.10000000000000009 0.771875 0.10000000000000009 0.771875 0.13281250000000008 0.790625 0.13281250000000008
0 0.9875 0.6984375000000002 0.934375 0.6984375000000002 0.934375 0.7375000000000002 0.9875 0.7375000000000002
0 0.4171875 0.31562500000000004 0.3109375 0.315625 0.31093750000000003 0.415625 0.4171875 0.415625
0 0.7203125 0.45625 0.628125 0.45625 0.628125 0.6 0.7203125 0.6