1 0.6359375 0.16406250000000008 0.6078125 0.16406250000000008 0.6078125 0.1859375000000001 0.6359375 0.1859375000000001
0 0.7921875 0.5796875000000001 0.646875 0.5796875 0.6468750000000001 0.7562500000000001 0.7921875000000002 0.7562500000000002
0 0.050000000000000044 0.2859375 3.501724441311963e-17 0.2859375 3.8939941191638495e-17 0.35 0.050000000000000044 0.35
0 0.3937500000000001 0.43125 0.2812500000000001 0.43125 0.2812500000000001 0.5609375 0.3937500000000001 0.5609375
1 0.6921875 0.1281250000000001 0.665625 0.1281250000000001 0.665625 0.1437500000000001 0.6921875 0.1437500000000001
0 1 0.6843750000000002 0.9109375 0.6843750000000002 0.9109375 0.8796875 1 0.8796875
0 0.2328125 0.2125 0.12812500000000004 0.2125 0.12812500000000004 0.3140625 0.2328125 0.3140625
1 0.703125 0.11718750000000008 0.678125 0.11718750000000008 0.678125 0.13281250000000008 0.703125 0.13281250000000008
1 0.71875 0.06875000000000009 0.6984375 0.06875000000000009 0.6984375 0.08593750000000008 0.71875 0.08593750000000008
1 0.5515625 0.2890625000000001 0.5171875 0.2890625000000001 0.5171875 0.3203125000000001 0.5515625 0.3203125000000001
1 0.6734375 0.1296875000000001 0.6484375 0.1296875000000001 0.6484375 0.1453125000000001 0.6734375 0.1453125000000001
0 0.11562500000000005 0.3140625 0.0015625000000000383 0.3140625 0.0015625000000000452 0.4265625 0.11562500000000005 0.4265625
0 0.9296875 0.6593750000000002 0.778125 0.6593750000000002 0.7781250000000001 0.8453125 0.9296875 0.8453125
1 0.7109375 0.1062500000000001 0.6859375 0.1062500000000001 0.6859375 0.1218750000000001 0.7109375 0.1218750000000001
0 0.2750000000000001 0.3671875 0.18281250000000004 0.3671875 0.18281250000000004 0.440625 0.2750000000000001 0.440625
1 0.584375 0.27031250000000007 0.54375 0.27031250000000007 0.54375 0.3000000000000001 0.584375 0.3000000000000001
1 0.5171875 0.3218750000000001 0.46875 0.3218750000000001 0.46875 0.3593750000000001 0.5171875 0.3593750000000001