1 0.7234375 0.1625000000000001 0.7 0.1625000000000001 0.7 0.1828125000000001 0.7234375 0.1828125000000001
1 0.5953125 0.31718750000000007 0.54375 0.31718750000000007 0.54375 0.3421875000000001 0.5953125 0.3421875000000001
1 0.73125 0.19531250000000008 0.7046875 0.19531250000000008 0.7046875 0.2156250000000001 0.73125 0.2156250000000001
1 0.7734375 0.11250000000000009 0.75 0.11250000000000009 0.75 0.1296875000000001 0.7734375 0.1296875000000001
1 0.7078125 0.1859375000000001 0.6734375 0.1859375000000001 0.6734375 0.2062500000000001 0.7078125 0.2062500000000001
1 0.6828125 0.2671875000000001 0.6375 0.2671875000000001 0.6375 0.2875000000000001 0.6828125 0.2875000000000001
1 0.73125 0.17968750000000008 0.7 0.17968750000000008 0.7 0.20312500000000008 0.73125 0.20312500000000008
1 0.659375 0.23593750000000008 0.6234375 0.23593750000000008 0.6234375 0.2593750000000001 0.659375 0.2593750000000001
0 0.07031250000000003 0.2421875 2.9659414666849956e-17 0.2421875 3.482589335075286e-17 0.3265625 0.07031250000000004 0.3265625
0 0.853125 0.11875000000000009 0.8171875 0.11875000000000009 0.8171875 0.15625000000000008 0.853125 0.15625000000000008
0 0.5140625 0.3828125000000001 0.3921875000000001 0.3828125000000001 0.3921875000000001 0.5453125 0.5140625 0.5453125
0 0.16406250000000006 0.19375 0.06406250000000002 0.19375 0.06406250000000004 0.2953125 0.16406250000000006 0.2953125
1 0.7046875 0.2218750000000001 0.66875 0.2218750000000001 0.66875 0.2406250000000001 0.7046875 0.2406250000000001
0 0.853125 0.5765625000000002 0.728125 0.5765625000000002 0.728125 0.7187500000000002 0.853125 0.7187500000000002
1 0.7546875 0.1468750000000001 0.728125 0.1468750000000001 0.728125 0.16562500000000008 0.7546875 0.16562500000000008
1 0.675 0.22812500000000008 0.640625 0.22812500000000008 0.640625 0.2515625000000001 0.675 0.2515625000000001
1 0.646875 0.27031250000000007 0.6109375 0.27031250000000007 0.6109375 0.30156250000000007 0.646875 0.30156250000000007
1 0.646875 0.2718750000000001 0.56875 0.2718750000000001 0.56875 0.3343750000000001 0.646875 0.3343750000000001
1 0.7109375 0.1984375000000001 0.68125 0.1984375000000001 0.68125 0.2218750000000001 0.7109375 0.2218750000000001
1 0.6109375 0.29375000000000007 0.5703125 0.29375000000000007 0.5703125 0.3265625000000001 0.6109375 0.3265625000000001
0 0.8796875 0.1453125000000001 0.8421875 0.1453125000000001 0.8421875 0.17968750000000008 0.8796875 0.17968750000000008
0 0.73125 0.10000000000000009 0.6984375 0.10000000000000009 0.6984375 0.1218750000000001 0.73125 0.1218750000000001
0 0.9984375 0.48750000000000016 0.9390625 0.48750000000000016 0.9390625 0.6046875000000002 0.9984375 0.6046875000000002
1 0.7578125 0.12031250000000009 0.728125 0.12031250000000009 0.728125 0.1468750000000001 0.7578125 0.1468750000000001