1 0.6984375 0.1984375000000001 0.6703125 0.1984375000000001 0.6703125 0.21875000000000008 0.6984375 0.21875000000000008
1 0.6921875 0.2312500000000001 0.6578125 0.2312500000000001 0.6578125 0.2531250000000001 0.6921875 0.2531250000000001
0 0.7484375 0.07812500000000008 0.7203125 0.07812500000000008 0.7203125 0.1140625000000001 0.7484375 0.1140625000000001
0 0.8640625 0.1281250000000001 0.8140625 0.1281250000000001 0.8140625 0.1703125000000001 0.8640625 0.1703125000000001
1 0.75 0.14843750000000008 0.725 0.14843750000000008 0.725 0.16406250000000008 0.75 0.16406250000000008
1 0.7921875 0.09218750000000009 0.7734375 0.09218750000000009 0.7734375 0.10312500000000009 0.7921875 0.10312500000000009
0 0.8828125 0.1390625000000001 0.8453125 0.1390625000000001 0.8453125 0.1750000000000001 0.8828125 0.1750000000000001
0 0.06250000000000003 0.2453125 0.0015625000000000298 0.2453125 0.001562500000000035 0.33125 0.06250000000000004 0.33125
0 0.86875 0.06718750000000011 0.8421875 0.06718750000000011 0.8421875 0.08906250000000011 0.86875 0.08906250000000011
0 0.8953125 0.1062500000000001 0.8578125 0.1062500000000001 0.8578125 0.1468750000000001 0.8953125 0.1468750000000001
0 0.871875 0.0953125000000001 0.8265625 0.0953125000000001 0.8265625 0.1359375000000001 0.871875 0.1359375000000001
1 0.771875 0.14062500000000008 0.7453125 0.14062500000000008 0.7453125 0.15781250000000008 0.771875 0.15781250000000008
1 0.74375 0.1687500000000001 0.7109375 0.1687500000000001 0.7109375 0.1906250000000001 0.74375 0.1906250000000001
0 0.11562500000000005 0.21875 0.014062500000000028 0.21875 0.014062500000000033 0.3015625 0.11562500000000005 0.3015625
1 0.7921875 0.11093750000000009 0.771875 0.11093750000000009 0.771875 0.1218750000000001 0.7921875 0.1218750000000001
1 0.8 0.10937500000000008 0.78125 0.10937500000000008 0.78125 0.12031250000000009 0.8 0.12031250000000009
0 0.7265625 0.08750000000000009 0.70625 0.08750000000000009 0.70625 0.10937500000000008 0.7265625 0.10937500000000008
0 0.7265625 0.1062500000000001 0.68125 0.1062500000000001 0.68125 0.15625000000000008 0.7265625 0.15625000000000008
1 0.815625 0.08593750000000008 0.7921875 0.08593750000000008 0.7921875 0.0984375000000001 0.815625 0.0984375000000001