0 0.890625 0.6640625000000002 0.7328125 0.6640625000000002 0.7328125000000001 0.8390625 0.890625 0.8390625
1 0.6734375 0.1359375000000001 0.646875 0.1359375000000001 0.646875 0.1546875000000001 0.6734375 0.1546875000000001
1 0.678125 0.1296875000000001 0.6578125 0.1296875000000001 0.6578125 0.1453125000000001 0.678125 0.1453125000000001
0 0.3218750000000001 0.3734375 0.19843750000000004 0.3734375 0.19843750000000004 0.45625 0.3218750000000001 0.45625
1 0.5984375 0.2156250000000001 0.559375 0.2156250000000001 0.559375 0.2406250000000001 0.5984375 0.2406250000000001
1 0.6609375 0.1531250000000001 0.6359375 0.1531250000000001 0.6359375 0.1687500000000001 0.6609375 0.1687500000000001
1 0.725 0.06406250000000009 0.703125 0.06406250000000009 0.703125 0.07968750000000009 0.725 0.07968750000000009
1 0.5203125 0.3109375000000001 0.475 0.3109375000000001 0.475 0.3609375000000001 0.5203125 0.3609375000000001
1 0.5734375 0.2484375000000001 0.5375 0.2484375000000001 0.5375 0.2750000000000001 0.5734375 0.2750000000000001
1 0.6234375 0.1843750000000001 0.5859375 0.1843750000000001 0.5859375 0.21093750000000008 0.6234375 0.21093750000000008
1 0.7140625 0.0750000000000001 0.69375 0.0750000000000001 0.69375 0.08906250000000009 0.7140625 0.08906250000000009
1 0.70625 0.0906250000000001 0.6828125 0.0906250000000001 0.6828125 0.1062500000000001 0.70625 0.1062500000000001
0 0.6453125 0.4796875 0.5140625 0.4796875 0.5140625 0.6296875 0.6453125 0.6296875
1 0.6953125 0.11250000000000009 0.6671875 0.11250000000000009 0.6671875 0.1437500000000001 0.6953125 0.1437500000000001