1 0.6359375 0.3046875000000001 0.5859375 0.3046875000000001 0.5859375 0.3296875000000001 0.6359375 0.3296875000000001
1 0.7390625 0.1468750000000001 0.715625 0.1468750000000001 0.715625 0.16562500000000008 0.7390625 0.16562500000000008
0 0.07187500000000004 0.2390625 0.0015625000000000291 0.2390625 0.0015625000000000343 0.3234375 0.07187500000000005 0.3234375
1 0.7453125 0.17343750000000008 0.7171875 0.17343750000000008 0.7171875 0.1937500000000001 0.7453125 0.1937500000000001
1 0.6328125 0.2734375000000001 0.5875 0.2734375000000001 0.5875 0.29375000000000007 0.6328125 0.29375000000000007
1 0.784375 0.10156250000000008 0.7609375 0.10156250000000008 0.7609375 0.11718750000000008 0.784375 0.11718750000000008
1 0.746875 0.1625000000000001 0.7203125 0.1625000000000001 0.7203125 0.1828125000000001 0.746875 0.1828125000000001
1 0.728125 0.16406250000000008 0.6953125 0.16406250000000008 0.6953125 0.1843750000000001 0.728125 0.1843750000000001
1 0.621875 0.32500000000000007 0.565625 0.32500000000000007 0.565625 0.3625000000000001 0.621875 0.3625000000000001
0 0.22812500000000005 0.3015625 0.11562500000000005 0.3015625 0.11562500000000005 0.39375 0.22812500000000008 0.39375
1 0.7671875 0.1296875000000001 0.7390625 0.1296875000000001 0.7390625 0.15000000000000008 0.7671875 0.15000000000000008
0 0.853125 0.11875000000000009 0.8171875 0.11875000000000009 0.8171875 0.15625000000000008 0.853125 0.15625000000000008
1 0.7671875 0.1140625000000001 0.7390625 0.1140625000000001 0.7390625 0.13437500000000008 0.7671875 0.13437500000000008
1 0.709375 0.2312500000000001 0.6640625 0.2312500000000001 0.6640625 0.2515625000000001 0.709375 0.2515625000000001
1 0.725 0.1921875000000001 0.690625 0.1921875000000001 0.690625 0.2140625000000001 0.725 0.2140625000000001
1 0.7296875 0.1765625000000001 0.696875 0.1765625000000001 0.696875 0.1984375000000001 0.7296875 0.1984375000000001
1 0.6734375 0.2375000000000001 0.603125 0.2375000000000001 0.603125 0.2875000000000001 0.6734375 0.2875000000000001
1 0.6953125 0.2000000000000001 0.6640625 0.2000000000000001 0.6640625 0.2234375000000001 0.6953125 0.2234375000000001
1 0.684375 0.2093750000000001 0.6515625 0.2093750000000001 0.6515625 0.2296875000000001 0.684375 0.2296875000000001
1 0.6765625 0.23593750000000008 0.6484375 0.23593750000000008 0.6484375 0.2562500000000001 0.6765625 0.2562500000000001
0 0.628125 0.490625 0.58125 0.490625 0.58125 0.5515625 0.628125 0.5515625
0 0.8796875 0.1453125000000001 0.8421875 0.1453125000000001 0.8421875 0.17968750000000008 0.8796875 0.17968750000000008
0 0.73125 0.10156250000000008 0.6984375 0.10156250000000008 0.6984375 0.12031250000000009 0.73125 0.12031250000000009