0 0.9890625 0.6921875000000002 0.815625 0.6921875000000002 0.815625 0.884375 0.9890625 0.884375
0 0.6421875 0.50625 0.5359375 0.50625 0.5359375 0.61875 0.6421875 0.61875
0 0.15000000000000005 0.35 0.018750000000000044 0.35 0.01875000000000005 0.4609375 0.15000000000000005 0.4609375
1 0.6015625 0.23593750000000008 0.5640625 0.23593750000000008 0.5640625 0.2593750000000001 0.6015625 0.2593750000000001
1 0.578125 0.2562500000000001 0.534375 0.2562500000000001 0.534375 0.28593750000000007 0.578125 0.28593750000000007
1 0.609375 0.21093750000000008 0.5734375 0.21093750000000008 0.5734375 0.2312500000000001 0.609375 0.2312500000000001
0 0.825 0.6578125000000001 0.7234375 0.6578125 0.7234375000000001 0.815625 0.825 0.815625
1 0.696875 0.09531250000000009 0.6765625 0.09531250000000009 0.6765625 0.11093750000000009 0.696875 0.11093750000000009
1 0.6359375 0.18125000000000008 0.6078125 0.18125000000000008 0.6078125 0.1984375000000001 0.6359375 0.1984375000000001
1 0.6640625 0.1390625000000001 0.6375 0.1390625000000001 0.6375 0.1546875000000001 0.6640625 0.1546875000000001
0 0.3937500000000001 0.384375 0.2593750000000001 0.384375 0.2593750000000001 0.584375 0.3937500000000001 0.584375
1 0.6484375 0.15625000000000008 0.621875 0.15625000000000008 0.621875 0.17343750000000008 0.6484375 0.17343750000000008
1 0.559375 0.2718750000000001 0.4890625 0.2718750000000001 0.4890625 0.30937500000000007 0.559375 0.30937500000000007
1 0.6828125 0.1218750000000001 0.65625 0.1218750000000001 0.65625 0.14218750000000008 0.6828125 0.14218750000000008
1 0.7265625 0.06562500000000009 0.7078125 0.06562500000000009 0.7078125 0.07656250000000009 0.7265625 0.07656250000000009
1 0.6578125 0.1468750000000001 0.6296875 0.1468750000000001 0.6296875 0.1671875000000001 0.6578125 0.1671875000000001