1 0.6515625 0.1515625000000001 0.6171875 0.1515625000000001 0.6171875 0.1703125000000001 0.6515625 0.1703125000000001
1 0.609375 0.2093750000000001 0.571875 0.2093750000000001 0.571875 0.23593750000000008 0.609375 0.23593750000000008
1 0.6375 0.1625000000000001 0.6046875 0.1625000000000001 0.6046875 0.18125000000000008 0.6375 0.18125000000000008
1 0.6453125 0.19687500000000008 0.6078125 0.19687500000000008 0.6078125 0.2140625000000001 0.6453125 0.2140625000000001
1 0.5140625 0.3140625000000001 0.4828125 0.3140625000000001 0.4828125 0.3359375000000001 0.5140625 0.3359375000000001
1 0.6546875 0.18125000000000008 0.6296875 0.18125000000000008 0.6296875 0.20312500000000008 0.6546875 0.20312500000000008
1 0.60625 0.1937500000000001 0.578125 0.1937500000000001 0.578125 0.2140625000000001 0.60625 0.2140625000000001
1 0.7203125 0.0906250000000001 0.6921875 0.0906250000000001 0.6921875 0.1062500000000001 0.7203125 0.1062500000000001
1 0.55625 0.2640625000000001 0.515625 0.2640625000000001 0.515625 0.2921875000000001 0.55625 0.2921875000000001
1 0.7015625 0.09531250000000009 0.678125 0.09531250000000009 0.678125 0.10937500000000008 0.7015625 0.10937500000000008
0 0.9984375 0.5656250000000002 0.825 0.5656250000000002 0.825 0.8125 0.9984375 0.8125
1 0.7328125 0.05468750000000009 0.709375 0.05468750000000009 0.709375 0.06875000000000009 0.7328125 0.06875000000000009
0 0.28750000000000003 0.3421875 0.17500000000000004 0.3421875 0.17500000000000004 0.440625 0.2875000000000001 0.440625
0 0.425 0.453125 0.2984375000000001 0.453125 0.2984375000000001 0.58125 0.425 0.58125
0 0.978125 0.043750000000000115 0.93125 0.04375000000000011 0.93125 0.0875000000000001 0.978125 0.0875000000000001