0 0.27656250000000004 0.309375 0.17187500000000006 0.309375 0.17187500000000006 0.4296875 0.2765625000000001 0.4296875
0 0.12031250000000004 0.2546875 0.009375000000000031 0.2546875 0.009375000000000036 0.3375 0.12031250000000004 0.3375
0 0.4046875 0.3140625 0.2828125 0.3140625 0.2828125 0.425 0.4046875 0.425
0 0.959375 0.5484375000000001 0.79375 0.5484375000000001 0.7937500000000001 0.7812500000000002 0.959375 0.7812500000000002
1 0.6015625 0.27031250000000007 0.5484375 0.27031250000000007 0.5484375 0.3578125000000001 0.6015625 0.3578125000000001
1 0.6703125 0.24375000000000008 0.61875 0.24375000000000008 0.61875 0.2843750000000001 0.6703125 0.2843750000000001
1 0.6625 0.3031250000000001 0.6171875 0.3031250000000001 0.6171875 0.3343750000000001 0.6625 0.3343750000000001
1 0.6859375 0.21093750000000008 0.65625 0.21093750000000008 0.65625 0.2328125000000001 0.6859375 0.2328125000000001
1 0.6453125 0.27812500000000007 0.6046875 0.27812500000000007 0.6046875 0.3046875000000001 0.6453125 0.3046875000000001
1 0.7171875 0.2312500000000001 0.678125 0.2312500000000001 0.678125 0.2593750000000001 0.7171875 0.2593750000000001
1 0.7234375 0.1828125000000001 0.6875 0.1828125000000001 0.6875 0.2015625000000001 0.7234375 0.2015625000000001
1 0.74375 0.1765625000000001 0.721875 0.1765625000000001 0.721875 0.19531250000000008 0.74375 0.19531250000000008
1 0.7234375 0.1625000000000001 0.7046875 0.1625000000000001 0.7046875 0.1828125000000001 0.7234375 0.1828125000000001
1 0.7640625 0.15625000000000008 0.7390625 0.15625000000000008 0.7390625 0.1750000000000001 0.7640625 0.1750000000000001
1 0.734375 0.19531250000000008 0.7109375 0.19531250000000008 0.7109375 0.21250000000000008 0.734375 0.21250000000000008