0 0.9984375 0.5375000000000002 0.846875 0.5375000000000002 0.846875 0.825 0.9984375 0.825
1 0.634375 0.2984375000000001 0.59375 0.2984375000000001 0.59375 0.3296875000000001 0.634375 0.3296875000000001
1 0.6859375 0.26250000000000007 0.646875 0.26250000000000007 0.646875 0.2906250000000001 0.6859375 0.2906250000000001
1 0.6328125 0.2718750000000001 0.5984375 0.2718750000000001 0.5984375 0.2984375000000001 0.6328125 0.2984375000000001
1 0.61875 0.35625000000000007 0.5609375 0.35625000000000007 0.5609375 0.3906250000000001 0.61875 0.3906250000000001
1 0.7890625 0.08906250000000009 0.7671875 0.08906250000000009 0.7671875 0.10156250000000008 0.7890625 0.10156250000000008
0 0.8578125 0.5609375000000002 0.734375 0.5609375000000002 0.7343750000000001 0.7531250000000002 0.8578125 0.7531250000000002
1 0.7921875 0.10468750000000009 0.7734375 0.10468750000000009 0.7734375 0.11562500000000009 0.7921875 0.11562500000000009
1 0.6875 0.2250000000000001 0.6453125 0.2250000000000001 0.6453125 0.25468750000000007 0.6875 0.25468750000000007
1 0.8046875 0.10312500000000009 0.7890625 0.10312500000000009 0.7890625 0.11562500000000009 0.8046875 0.11562500000000009
0 0.871875 0.06562500000000011 0.8390625 0.06562500000000011 0.8390625 0.09687500000000011 0.871875 0.09687500000000011
0 0.4015625 0.31718750000000007 0.2953125 0.3171875 0.29531250000000003 0.4078125 0.4015625 0.4078125
1 0.796875 0.0828125000000001 0.78125 0.0828125000000001 0.78125 0.09375000000000008 0.796875 0.09375000000000008
1 0.709375 0.1921875000000001 0.6828125 0.1921875000000001 0.6828125 0.2140625000000001 0.709375 0.2140625000000001
0 0.859375 0.09843750000000011 0.8265625 0.09843750000000011 0.8265625 0.1296875000000001 0.859375 0.1296875000000001
1 0.753125 0.13437500000000008 0.7296875 0.13437500000000008 0.7296875 0.1531250000000001 0.753125 0.1531250000000001
1 0.728125 0.16562500000000008 0.7046875 0.16562500000000008 0.7046875 0.1843750000000001 0.728125 0.1843750000000001
1 0.74375 0.1859375000000001 0.715625 0.1859375000000001 0.715625 0.2062500000000001 0.74375 0.2062500000000001
0 0.8546875 0.11718750000000008 0.8203125 0.11718750000000008 0.8203125 0.1515625000000001 0.8546875 0.1515625000000001
0 0.8765625 0.1312500000000001 0.8453125 0.1312500000000001 0.8453125 0.1687500000000001 0.8765625 0.1687500000000001
1 0.7125 0.17968750000000008 0.6875 0.17968750000000008 0.6875 0.2000000000000001 0.7125 0.2000000000000001
0 0.603125 0.4828125 0.4921875 0.4828125 0.4921875 0.596875 0.603125 0.596875
1 0.65 0.2375000000000001 0.625 0.2375000000000001 0.625 0.2593750000000001 0.65 0.2593750000000001