0 0.7500000000000001 0.7140625 0.6125 0.7140625 0.6125 0.8671875 0.7500000000000002 0.8671875
0 0.878125 0.11562500000000009 0.790625 0.11562500000000009 0.790625 0.19531250000000008 0.878125 0.19531250000000008
0 0.9265625 0.10000000000000012 0.8421875 0.10000000000000009 0.8421875 0.14687500000000012 0.9265625 0.14687500000000014
1 0.3890625 0.04843750000000004 0.3453125 0.04843750000000004 0.3453125 0.06562500000000004 0.3890625 0.06562500000000004
0 0.753125 0.1359375000000001 0.6578125 0.1359375000000001 0.6578125 0.1921875000000001 0.753125 0.1921875000000001
0 0.5734375 0.17500000000000007 0.478125 0.17500000000000004 0.478125 0.27812500000000007 0.5734375 0.27812500000000007
0 0.4140625 0.27031250000000007 0.2890625 0.2703125 0.28906250000000006 0.36875 0.4140625 0.3687500000000001
1 0.378125 0.029687500000000044 0.33125 0.029687500000000044 0.33125 0.051562500000000046 0.378125 0.051562500000000046
1 0.43125 0.05312500000000005 0.403125 0.05312500000000005 0.403125 0.07500000000000004 0.43125 0.07500000000000004
1 0.596875 0.1296875000000001 0.5578125 0.1296875000000001 0.5578125 0.1593750000000001 0.596875 0.1593750000000001
1 0.43125 0.07968750000000005 0.4171875 0.07968750000000005 0.4171875 0.09843750000000004 0.43125 0.09843750000000004