0 0.3765625 0.25312500000000004 0.2796875 0.253125 0.27968750000000003 0.39531250000000007 0.3765625000000001 0.39531250000000007
1 0.515625 0.3500000000000001 0.471875 0.3500000000000001 0.471875 0.3906250000000001 0.515625 0.3906250000000001
0 0.22968750000000004 0.290625 0.11718750000000004 0.290625 0.11718750000000004 0.3921875 0.2296875000000001 0.3921875
1 0.71875 0.1296875000000001 0.684375 0.1296875000000001 0.684375 0.1765625000000001 0.71875 0.1765625000000001
1 0.66875 0.2984375000000001 0.6296875 0.2984375000000001 0.6296875 0.3312500000000001 0.66875 0.3312500000000001
1 0.7578125 0.1390625000000001 0.725 0.1390625000000001 0.725 0.1859375000000001 0.7578125 0.1859375000000001
1 0.80625 0.0828125000000001 0.7796875 0.0828125000000001 0.7796875 0.11718750000000008 0.80625 0.11718750000000008
1 0.68125 0.2718750000000001 0.640625 0.2718750000000001 0.640625 0.3046875000000001 0.68125 0.3046875000000001
1 0.65625 0.21093750000000008 0.6234375 0.21093750000000008 0.6234375 0.23593750000000008 0.65625 0.23593750000000008
1 0.6171875 0.26250000000000007 0.58125 0.26250000000000007 0.58125 0.2875000000000001 0.6171875 0.2875000000000001
1 0.5875 0.2906250000000001 0.534375 0.2906250000000001 0.534375 0.32500000000000007 0.5875 0.32500000000000007
0 1 0.5859375000000002 0.8625 0.5859375000000002 0.8625 0.83125 1 0.83125
1 0.6890625 0.1906250000000001 0.6484375 0.1906250000000001 0.6484375 0.2093750000000001 0.6890625 0.2093750000000001
1 0.7296875 0.1843750000000001 0.69375 0.1843750000000001 0.69375 0.2093750000000001 0.7296875 0.2093750000000001
1 0.7828125 0.12343750000000009 0.753125 0.12343750000000009 0.753125 0.14218750000000008 0.7828125 0.14218750000000008
1 0.6265625 0.2312500000000001 0.603125 0.2312500000000001 0.603125 0.2609375000000001 0.6265625 0.2609375000000001
1 0.640625 0.3187500000000001 0.6078125 0.3187500000000001 0.6078125 0.3500000000000001 0.640625 0.3500000000000001