0 0.5828125 0.515625 0.440625 0.515625 0.440625 0.684375 0.5828125 0.684375
1 0.5828125 0.2515625000000001 0.5359375 0.2515625000000001 0.5359375 0.2875000000000001 0.5828125 0.2875000000000001
1 0.6828125 0.12656250000000008 0.659375 0.12656250000000008 0.659375 0.1437500000000001 0.6828125 0.1437500000000001
0 1 0.7312500000000002 0.85 0.7312500000000002 0.85 0.9078125 1 0.9078125
1 0.6109375 0.2062500000000001 0.578125 0.2062500000000001 0.578125 0.22656250000000008 0.6109375 0.22656250000000008
1 0.6375 0.16406250000000008 0.6109375 0.16406250000000008 0.6109375 0.1859375000000001 0.6375 0.1859375000000001
1 0.6515625 0.1609375000000001 0.6265625 0.1609375000000001 0.6265625 0.17968750000000008 0.6515625 0.17968750000000008
1 0.6375 0.1781250000000001 0.60625 0.1781250000000001 0.60625 0.1984375000000001 0.6375 0.1984375000000001
0 0.31093750000000003 0.35625 0.215625 0.35625 0.21562500000000004 0.45 0.3109375000000001 0.45
0 0.8734375 0.64375 0.7109375 0.64375 0.7109375000000001 0.80625 0.8734375 0.80625
1 0.5125 0.3531250000000001 0.465625 0.3531250000000001 0.465625 0.3906250000000001 0.5125 0.3906250000000001