0 0.9328125 0.6796875000000002 0.7765625 0.6796875000000002 0.7765625 0.8546875 0.9328125 0.8546875
0 0.7718750000000001 0.6578125000000001 0.621875 0.6578125 0.6218750000000001 0.83125 0.7718750000000002 0.83125
0 0.553125 0.5125 0.41875 0.5125 0.41875 0.6515625 0.553125 0.6515625
1 0.709375 0.07968750000000009 0.684375 0.07968750000000009 0.684375 0.09375000000000008 0.709375 0.09375000000000008
1 0.6078125 0.2078125000000001 0.571875 0.2078125000000001 0.571875 0.2296875000000001 0.6078125 0.2296875000000001
1 0.64375 0.1703125000000001 0.6109375 0.1703125000000001 0.6109375 0.1921875000000001 0.64375 0.1921875000000001
1 0.5484375 0.2812500000000001 0.5046875 0.2812500000000001 0.5046875 0.3125000000000001 0.5484375 0.3125000000000001
1 0.6171875 0.18906250000000008 0.5890625 0.18906250000000008 0.5890625 0.2093750000000001 0.6171875 0.2093750000000001
1 0.659375 0.1468750000000001 0.6328125 0.1468750000000001 0.6328125 0.16562500000000008 0.659375 0.16562500000000008
0 0.34218750000000003 0.31875 0.20625 0.31875 0.20625000000000004 0.4546875 0.3421875000000001 0.4546875
1 0.646875 0.15625000000000008 0.6203125 0.15625000000000008 0.6203125 0.1765625000000001 0.646875 0.1765625000000001
1 0.578125 0.2500000000000001 0.55 0.2500000000000001 0.55 0.2687500000000001 0.578125 0.2687500000000001
1 0.690625 0.10781250000000009 0.665625 0.10781250000000009 0.665625 0.12656250000000008 0.690625 0.12656250000000008
1 0.5609375 0.2671875000000001 0.53125 0.2671875000000001 0.53125 0.2875000000000001 0.5609375 0.2875000000000001
1 0.725 0.07031250000000008 0.703125 0.07031250000000008 0.703125 0.0828125000000001 0.725 0.0828125000000001
1 0.6640625 0.1375000000000001 0.640625 0.1375000000000001 0.640625 0.1546875000000001 0.6640625 0.1546875000000001
1 0.6796875 0.1218750000000001 0.6546875 0.1218750000000001 0.6546875 0.14062500000000008 0.6796875 0.14062500000000008
1 0.7265625 0.06250000000000008 0.70625 0.06250000000000008 0.70625 0.0750000000000001 0.7265625 0.0750000000000001