1 0.7234375 0.0750000000000001 0.703125 0.0750000000000001 0.703125 0.08750000000000009 0.7234375 0.08750000000000009
1 0.625 0.20468750000000008 0.596875 0.20468750000000008 0.596875 0.22656250000000008 0.625 0.22656250000000008
0 0.615625 0.465625 0.5421875 0.465625 0.5421875 0.6015625 0.615625 0.6015625
1 0.671875 0.1375000000000001 0.640625 0.1375000000000001 0.640625 0.1593750000000001 0.671875 0.1593750000000001
0 0.3218750000000001 0.375 0.2218750000000001 0.375 0.2218750000000001 0.453125 0.3218750000000001 0.453125
1 0.6125 0.21875000000000008 0.5765625 0.21875000000000008 0.5765625 0.2406250000000001 0.6125 0.2406250000000001
1 0.584375 0.2531250000000001 0.546875 0.2531250000000001 0.546875 0.27812500000000007 0.584375 0.27812500000000007
1 0.6828125 0.11562500000000009 0.6578125 0.11562500000000009 0.6578125 0.1312500000000001 0.6828125 0.1312500000000001
0 1 0.7046875000000001 0.84375 0.7046875000000001 0.84375 0.928125 1 0.928125
1 0.703125 0.09375000000000008 0.678125 0.09375000000000008 0.678125 0.10781250000000009 0.703125 0.10781250000000009
0 0.421875 0.459375 0.2921875000000001 0.459375 0.2921875000000001 0.5875 0.421875 0.5875
1 0.5578125 0.2812500000000001 0.5140625 0.2812500000000001 0.5140625 0.3125000000000001 0.5578125 0.3125000000000001
1 0.696875 0.10156250000000008 0.675 0.10156250000000008 0.675 0.11718750000000008 0.696875 0.11718750000000008
1 0.6453125 0.17968750000000008 0.6125 0.17968750000000008 0.6125 0.2000000000000001 0.6453125 0.2000000000000001
0 0.31718750000000007 0.290625 0.19531250000000006 0.290625 0.19531250000000006 0.384375 0.31718750000000007 0.384375