0 0.640625 0.2015625000000001 0.54375 0.2015625000000001 0.54375 0.2921875000000001 0.640625 0.2921875000000001
0 0.76875 0.15000000000000008 0.6734375 0.15000000000000008 0.6734375 0.22656250000000008 0.76875 0.22656250000000008
1 0.3890625 0.03125000000000004 0.3484375 0.03125000000000004 0.3484375 0.04687500000000004 0.3890625 0.04687500000000004
1 0.346875 0.02343750000000004 0.30625 0.023437500000000038 0.30625 0.03906250000000004 0.346875 0.03906250000000004
0 0.32656250000000003 0.25625 0.19218750000000004 0.25625 0.19218750000000004 0.4390625 0.3265625000000001 0.4390625
0 0.9203125 0.12031250000000011 0.8421875 0.12031250000000009 0.8421875 0.17031250000000012 0.9203125 0.17031250000000014
1 0.40625 0.03906250000000004 0.3609375 0.03906250000000004 0.3609375 0.057812500000000044 0.40625 0.057812500000000044
1 0.4109375 0.051562500000000046 0.3703125 0.051562500000000046 0.3703125 0.07500000000000004 0.4109375 0.07500000000000004
1 0.440625 0.07187500000000005 0.40625 0.07187500000000005 0.40625 0.09375000000000004 0.440625 0.09375000000000004
1 0.3359375 0.01093750000000004 0.290625 0.010937500000000036 0.290625 0.02968750000000004 0.3359375 0.029687500000000044
1 0.2984375 3.482589335075286e-17 0.2703125 3.3103733789451887e-17 0.2703125 0.012500000000000035 0.2984375 0.012500000000000039