0 0.853125 0.11875000000000009 0.8171875 0.11875000000000009 0.8171875 0.1546875000000001 0.853125 0.1546875000000001
1 0.65 0.2796875000000001 0.61875 0.2796875000000001 0.61875 0.3359375000000001 0.65 0.3359375000000001
1 0.621875 0.3125000000000001 0.5703125 0.3125000000000001 0.5703125 0.3546875000000001 0.621875 0.3546875000000001
0 0.36875 0.34687500000000004 0.2390625 0.346875 0.23906250000000004 0.46875 0.3687500000000001 0.46875
0 1 0.6703125000000002 0.88125 0.6703125000000002 0.88125 0.834375 1 0.834375
0 0.4421875 0.30156250000000007 0.3046875 0.3015625 0.30468750000000006 0.4296875 0.4421875 0.4296875
1 0.6828125 0.22031250000000008 0.646875 0.22031250000000008 0.646875 0.24375000000000008 0.6828125 0.24375000000000008
0 0.8375 0.5968750000000002 0.7421875 0.5968750000000002 0.7421875000000001 0.7468750000000002 0.8375 0.7468750000000002
1 0.6453125 0.2656250000000001 0.5953125 0.2656250000000001 0.5953125 0.29375000000000007 0.6453125 0.29375000000000007
0 0.88125 0.14218750000000008 0.84375 0.14218750000000008 0.84375 0.17968750000000008 0.88125 0.17968750000000008
0 0.73125 0.10000000000000009 0.6984375 0.10000000000000009 0.6984375 0.12343750000000009 0.73125 0.12343750000000009
0 0.32343750000000004 0.3421875 0.2421875 0.3421875 0.24218750000000006 0.3828125 0.3234375000000001 0.3828125