1 0.5890625 0.27812500000000007 0.5390625 0.27812500000000007 0.5390625 0.3062500000000001 0.5890625 0.3062500000000001
1 0.571875 0.3062500000000001 0.51875 0.3062500000000001 0.51875 0.3359375000000001 0.571875 0.3359375000000001
1 0.6875 0.1468750000000001 0.6609375 0.1468750000000001 0.6609375 0.16406250000000008 0.6875 0.16406250000000008
1 0.5234375 0.3203125000000001 0.478125 0.3203125000000001 0.478125 0.3531250000000001 0.5234375 0.3531250000000001
1 0.65 0.1515625000000001 0.621875 0.1515625000000001 0.621875 0.1703125000000001 0.65 0.1703125000000001
1 0.6953125 0.09687500000000009 0.6765625 0.09687500000000009 0.6765625 0.11093750000000009 0.6953125 0.11093750000000009
1 0.646875 0.16406250000000008 0.609375 0.16406250000000008 0.609375 0.18750000000000008 0.646875 0.18750000000000008
1 0.71875 0.08593750000000008 0.69375 0.08593750000000008 0.69375 0.10156250000000008 0.71875 0.10156250000000008
0 0.9984375 0.6640625000000002 0.884375 0.6640625000000002 0.884375 0.9046875 0.9984375 0.9046875
0 0.88125 0.6593750000000002 0.7609375 0.6593750000000002 0.7609375 0.8234375 0.88125 0.8234375
0 0.8546875 0.0718750000000001 0.8203125 0.0718750000000001 0.8203125 0.1140625000000001 0.8546875 0.1140625000000001
1 0.69375 0.10937500000000008 0.665625 0.10937500000000008 0.665625 0.12656250000000008 0.69375 0.12656250000000008
0 0.10000000000000005 0.3109375 0.0015625000000000383 0.3109375 0.0015625000000000443 0.4125 0.10000000000000005 0.4125
1 0.7265625 0.05468750000000009 0.709375 0.05468750000000009 0.709375 0.0671875000000001 0.7265625 0.0671875000000001
0 0.3765625000000001 0.40625 0.2593750000000001 0.40625 0.2593750000000001 0.559375 0.3765625000000001 0.559375
0 0.8171875 0.10312500000000009 0.771875 0.10312500000000009 0.771875 0.14062500000000008 0.8171875 0.14062500000000008
0 0.678125 0.02656250000000008 0.646875 0.02656250000000008 0.646875 0.06406250000000009 0.678125 0.06406250000000009