1 0.5859375 0.23437500000000008 0.540625 0.23437500000000008 0.540625 0.2640625000000001 0.5859375 0.2640625000000001
1 0.5578125 0.3187500000000001 0.50625 0.3187500000000001 0.50625 0.3468750000000001 0.5578125 0.3468750000000001
1 0.665625 0.14062500000000008 0.6375 0.14062500000000008 0.6375 0.15781250000000008 0.665625 0.15781250000000008
1 0.5 0.34843750000000007 0.4453125 0.34843750000000007 0.4453125 0.3937500000000001 0.5 0.3937500000000001
1 0.6203125 0.1921875000000001 0.590625 0.1921875000000001 0.590625 0.21250000000000008 0.6203125 0.21250000000000008
0 0.8796875 0.6484375000000001 0.725 0.6484375 0.7250000000000001 0.81875 0.8796875 0.81875
0 0.29531250000000003 0.3078125 0.18593750000000003 0.3078125 0.18593750000000003 0.440625 0.2953125000000001 0.440625
1 0.559375 0.2562500000000001 0.5140625 0.2562500000000001 0.5140625 0.28593750000000007 0.559375 0.28593750000000007
1 0.7125 0.0750000000000001 0.6921875 0.0750000000000001 0.6921875 0.08750000000000009 0.7125 0.08750000000000009
1 0.734375 0.07656250000000009 0.715625 0.07656250000000009 0.715625 0.08750000000000009 0.734375 0.08750000000000009
1 0.734375 0.04843750000000009 0.715625 0.04843750000000009 0.715625 0.06562500000000009 0.734375 0.06562500000000009
1 0.5046875 0.3187500000000001 0.4609375 0.3187500000000001 0.4609375 0.3500000000000001 0.5046875 0.3500000000000001
0 0.5875 0.5328125 0.471875 0.5328125 0.471875 0.6640625 0.5875 0.6640625
1 0.7109375 0.08125000000000009 0.6875 0.08125000000000009 0.6875 0.09531250000000009 0.7109375 0.09531250000000009
1 0.5875 0.2843750000000001 0.5375 0.2843750000000001 0.5375 0.3265625000000001 0.5875 0.3265625000000001
1 0.6953125 0.1218750000000001 0.659375 0.1218750000000001 0.659375 0.15625000000000008 0.6953125 0.15625000000000008