0 0.3046875000000001 0.375 0.18750000000000006 0.375 0.18750000000000006 0.5 0.3046875000000001 0.5
1 0.553125 0.3140625000000001 0.4984375 0.3140625000000001 0.4984375 0.34062500000000007 0.553125 0.34062500000000007
1 0.596875 0.2171875000000001 0.559375 0.2171875000000001 0.559375 0.2406250000000001 0.596875 0.2406250000000001
1 0.6265625 0.1828125000000001 0.59375 0.1828125000000001 0.59375 0.20312500000000008 0.6265625 0.20312500000000008
1 0.621875 0.19687500000000008 0.5765625 0.19687500000000008 0.5765625 0.2218750000000001 0.621875 0.2218750000000001
1 0.69375 0.10156250000000008 0.671875 0.10156250000000008 0.671875 0.11718750000000008 0.69375 0.11718750000000008
1 0.7265625 0.05937500000000009 0.703125 0.05937500000000009 0.703125 0.07031250000000008 0.7265625 0.07031250000000008
0 0.653125 0.4640625 0.54375 0.4640625 0.54375 0.6265625 0.653125 0.6265625
1 0.7046875 0.09375000000000008 0.68125 0.09375000000000008 0.68125 0.11093750000000009 0.7046875 0.11093750000000009
1 0.6359375 0.1765625000000001 0.6109375 0.1765625000000001 0.6109375 0.1937500000000001 0.6359375 0.1937500000000001
1 0.64375 0.1671875000000001 0.621875 0.1671875000000001 0.621875 0.1828125000000001 0.64375 0.1828125000000001
1 0.6609375 0.13437500000000008 0.63125 0.13437500000000008 0.63125 0.1609375000000001 0.6609375 0.1609375000000001
1 0.690625 0.11875000000000009 0.653125 0.11875000000000009 0.653125 0.14062500000000008 0.690625 0.14062500000000008