1 0.5828125 0.2453125000000001 0.546875 0.2453125000000001 0.546875 0.2718750000000001 0.5828125 0.2718750000000001
1 0.7078125 0.0906250000000001 0.6859375 0.0906250000000001 0.6859375 0.10312500000000009 0.7078125 0.10312500000000009
1 0.7046875 0.1218750000000001 0.68125 0.1218750000000001 0.68125 0.1359375000000001 0.7046875 0.1359375000000001
1 0.6734375 0.12500000000000008 0.646875 0.12500000000000008 0.646875 0.1437500000000001 0.6734375 0.1437500000000001
1 0.61875 0.2375000000000001 0.575 0.2375000000000001 0.575 0.2609375000000001 0.61875 0.2609375000000001
0 0.2734375000000001 0.36875 0.19843750000000004 0.36875 0.19843750000000004 0.440625 0.2734375000000001 0.440625
0 0.3734375000000001 0.4375 0.24375000000000008 0.4375 0.24375000000000008 0.5625 0.3734375000000001 0.5625
1 0.63125 0.21875000000000008 0.5890625 0.21875000000000008 0.5890625 0.2406250000000001 0.63125 0.2406250000000001
1 0.7296875 0.07187500000000009 0.7109375 0.07187500000000009 0.7109375 0.0828125000000001 0.7296875 0.0828125000000001
1 0.4859375 0.3593750000000001 0.434375 0.3593750000000001 0.434375 0.4 0.4859375 0.4
0 0.996875 0.38750000000000007 0.840625 0.38750000000000007 0.840625 0.6375000000000002 0.996875 0.6375000000000002