1 0.721875 0.19531250000000008 0.690625 0.19531250000000008 0.690625 0.2156250000000001 0.721875 0.2156250000000001
1 0.725 0.1687500000000001 0.6984375 0.1687500000000001 0.6984375 0.1859375000000001 0.725 0.1859375000000001
0 0.753125 0.13437500000000008 0.70625 0.13437500000000008 0.70625 0.1750000000000001 0.753125 0.1750000000000001
0 0.8734375 0.09062500000000011 0.8328125 0.09062500000000011 0.8328125 0.1359375000000001 0.8734375 0.1359375000000001
0 0.85625 0.1296875000000001 0.825 0.1296875000000001 0.825 0.1687500000000001 0.85625 0.1687500000000001
0 0.8953125 0.10156250000000008 0.859375 0.10156250000000008 0.859375 0.1453125000000001 0.8953125 0.1453125000000001
0 0.88125 0.1390625000000001 0.8453125 0.1390625000000001 0.8453125 0.17968750000000008 0.88125 0.17968750000000008
0 0.8953125 0.07656250000000012 0.875 0.07656250000000012 0.875 0.09687500000000011 0.8953125 0.09687500000000011
0 0.05937500000000003 0.2421875 2.9659414666849956e-17 0.2421875 3.501724441311963e-17 0.3296875 0.059375000000000046 0.3296875
0 0.7875 0.1281250000000001 0.740625 0.1281250000000001 0.740625 0.1750000000000001 0.7875 0.1750000000000001
0 0.11562500000000005 0.2171875 0.015625000000000028 0.2171875 0.015625000000000035 0.2984375 0.11562500000000005 0.2984375
0 0.728125 0.08906250000000009 0.7078125 0.08906250000000009 0.7078125 0.1140625000000001 0.728125 0.1140625000000001
1 0.8109375 0.09218750000000009 0.7828125 0.09218750000000009 0.7828125 0.10937500000000008 0.8109375 0.10937500000000008
1 0.828125 0.0468750000000001 0.815625 0.0468750000000001 0.815625 0.0593750000000001 0.828125 0.05937500000000011