0 0.24062500000000003 0.2609375 0.12500000000000006 0.2609375 0.12500000000000006 0.3984375 0.2406250000000001 0.3984375
1 0.728125 0.17968750000000008 0.6875 0.17968750000000008 0.6875 0.23437500000000008 0.728125 0.23437500000000008
1 0.6015625 0.37968750000000007 0.546875 0.37968750000000007 0.546875 0.421875 0.6015625 0.421875
0 0.746875 0.5000000000000001 0.621875 0.5 0.621875 0.6156250000000001 0.746875 0.6156250000000002
0 0.9546875 0.6531250000000002 0.825 0.6531250000000002 0.825 0.7718750000000002 0.9546875 0.7718750000000002
1 0.6546875 0.2156250000000001 0.621875 0.2156250000000001 0.621875 0.2390625000000001 0.6546875 0.2390625000000001
1 0.6328125 0.22656250000000008 0.59375 0.22656250000000008 0.59375 0.2578125000000001 0.6328125 0.2578125000000001
1 0.6734375 0.2687500000000001 0.6234375 0.2687500000000001 0.6234375 0.30156250000000007 0.6734375 0.30156250000000007
0 0.4109375 0.35937500000000006 0.3265625 0.359375 0.32656250000000003 0.428125 0.4109375 0.428125
0 1 0.5000000000000002 0.9203125 0.5000000000000002 0.9203125 0.6953125000000002 1 0.6953125000000002
1 0.596875 0.2890625000000001 0.55 0.2890625000000001 0.55 0.3281250000000001 0.596875 0.3281250000000001
1 0.69375 0.1703125000000001 0.6671875 0.1703125000000001 0.6671875 0.1906250000000001 0.69375 0.1906250000000001
1 0.36875 0.30156250000000007 0.328125 0.3015625 0.328125 0.35000000000000003 0.36875 0.3500000000000001