1 0.65 0.2015625000000001 0.61875 0.2015625000000001 0.61875 0.2218750000000001 0.65 0.2218750000000001
1 0.6015625 0.2093750000000001 0.5671875 0.2093750000000001 0.5671875 0.2312500000000001 0.6015625 0.2312500000000001
1 0.66875 0.1296875000000001 0.646875 0.1296875000000001 0.646875 0.1453125000000001 0.66875 0.1453125000000001
1 0.5953125 0.2296875000000001 0.5484375 0.2296875000000001 0.5484375 0.2609375000000001 0.5953125 0.2609375000000001
0 0.6640625 0.51875 0.5609375 0.51875 0.5609375 0.628125 0.6640625 0.628125
0 0.28437500000000004 0.3578125 0.19375000000000003 0.3578125 0.19375000000000003 0.4453125 0.2843750000000001 0.4453125
1 0.7109375 0.07343750000000009 0.69375 0.07343750000000009 0.69375 0.08593750000000008 0.7109375 0.08593750000000008
0 0.09218750000000005 0.3109375 3.807886141098801e-17 0.3109375 4.429777093790816e-17 0.4125 0.09218750000000005 0.4125
1 0.6984375 0.11562500000000009 0.6734375 0.11562500000000009 0.6734375 0.1312500000000001 0.6984375 0.1312500000000001
1 0.684375 0.11875000000000009 0.6640625 0.11875000000000009 0.6640625 0.13437500000000008 0.684375 0.13437500000000008
1 0.6640625 0.1437500000000001 0.63125 0.1437500000000001 0.63125 0.1625000000000001 0.6640625 0.1625000000000001
0 0.996875 0.6546875000000002 0.853125 0.6546875000000002 0.853125 0.8625 0.996875 0.8625
1 0.7328125 0.06093750000000009 0.709375 0.06093750000000009 0.709375 0.07656250000000009 0.7328125 0.07656250000000009