0 0.784375 0.08593750000000008 0.7125 0.08593750000000008 0.7125 0.16406250000000008 0.784375 0.16406250000000008
0 0.8375 0.7156250000000001 0.5921875 0.715625 0.5921875000000001 1 0.8375 1
0 0.7390625 0.1468750000000001 0.64375 0.1468750000000001 0.64375 0.2171875000000001 0.7390625 0.2171875000000001
1 0.259375 0.01718750000000003 0.2203125 0.01718750000000003 0.2203125 0.035937500000000025 0.259375 0.03593750000000003
1 0.265625 0.0031250000000000297 0.228125 0.003125000000000028 0.228125 0.01562500000000003 0.265625 0.015625000000000035
0 0.4703125 0.22500000000000003 0.3515625 0.225 0.3515625 0.321875 0.4703125 0.3218750000000001
1 0.484375 0.12500000000000006 0.425 0.12500000000000006 0.425 0.15625000000000006 0.484375 0.15625000000000006
1 0.5296875 0.11562500000000005 0.484375 0.11562500000000005 0.484375 0.14218750000000005 0.5296875 0.14218750000000005
1 0.290625 0.039062500000000035 0.2640625 0.039062500000000035 0.2640625 0.06093750000000003 0.290625 0.06093750000000005
0 0.4921875 0.15937500000000004 0.3953125 0.15937500000000004 0.3953125 0.2156250000000001 0.4921875 0.2156250000000001
1 0.446875 0.07812500000000004 0.396875 0.07812500000000004 0.396875 0.10312500000000005 0.446875 0.10312500000000005
1 0.4140625 0.09375000000000004 0.3703125 0.09375000000000004 0.3703125 0.11718750000000004 0.4140625 0.11718750000000004
1 0.496875 0.09218750000000006 0.45625 0.09218750000000006 0.45625 0.12031250000000004 0.496875 0.12031250000000004
1 0.4703125 0.11875000000000005 0.41875 0.11875000000000005 0.41875 0.13281250000000006 0.4703125 0.13281250000000006