0 0.27343750000000006 0.3234375 0.15937500000000004 0.3234375 0.15937500000000004 0.421875 0.2734375000000001 0.421875
0 0.41875 0.3140625 0.284375 0.3140625 0.28437500000000004 0.4234375 0.41875 0.4234375
0 0.7375 0.4406250000000001 0.6046875 0.440625 0.6046875 0.5906250000000001 0.7375 0.5906250000000002
1 0.7078125 0.2453125000000001 0.66875 0.2453125000000001 0.66875 0.2671875000000001 0.7078125 0.2671875000000001
1 0.715625 0.18906250000000008 0.68125 0.18906250000000008 0.68125 0.2093750000000001 0.715625 0.2093750000000001
1 0.740625 0.1828125000000001 0.7171875 0.1828125000000001 0.7171875 0.2015625000000001 0.740625 0.2015625000000001
1 0.7203125 0.1687500000000001 0.6984375 0.1687500000000001 0.6984375 0.1921875000000001 0.7203125 0.1921875000000001
1 0.6625 0.2531250000000001 0.609375 0.2531250000000001 0.609375 0.2953125000000001 0.6625 0.2953125000000001
1 0.7609375 0.1609375000000001 0.7359375 0.1609375000000001 0.7359375 0.17968750000000008 0.7609375 0.17968750000000008
1 0.653125 0.3140625000000001 0.60625 0.3140625000000001 0.60625 0.34843750000000007 0.653125 0.34843750000000007
1 0.6359375 0.2890625000000001 0.59375 0.2890625000000001 0.59375 0.3156250000000001 0.6359375 0.3156250000000001
1 0.5234375 0.31718750000000007 0.471875 0.31718750000000007 0.471875 0.3906250000000001 0.5234375 0.3906250000000001
1 0.68125 0.2171875000000001 0.65 0.2171875000000001 0.65 0.2406250000000001 0.68125 0.2406250000000001
1 0.728125 0.20312500000000008 0.70625 0.20312500000000008 0.70625 0.21875000000000008 0.728125 0.21875000000000008