1 0.71875 0.1750000000000001 0.690625 0.1750000000000001 0.690625 0.19531250000000008 0.71875 0.19531250000000008
1 0.7140625 0.2015625000000001 0.6828125 0.2015625000000001 0.6828125 0.2218750000000001 0.7140625 0.2218750000000001
1 0.8 0.0828125000000001 0.78125 0.0828125000000001 0.78125 0.09375000000000008 0.8 0.09375000000000008
0 0.05937500000000003 0.24375 2.985076572921674e-17 0.24375 3.5112919944303015e-17 0.3296875 0.059375000000000046 0.3296875
0 0.8984375 0.09062500000000011 0.85625 0.09062500000000011 0.85625 0.15000000000000008 0.8984375 0.15000000000000008
1 0.8078125 0.0984375000000001 0.78125 0.0984375000000001 0.78125 0.11250000000000009 0.8078125 0.11250000000000009
0 0.8015625 0.10937500000000008 0.74375 0.10937500000000008 0.74375 0.14843750000000008 0.8015625 0.14843750000000008
0 0.11718750000000004 0.2171875 0.015625000000000028 0.2171875 0.015625000000000035 0.2984375 0.11718750000000004 0.2984375
0 0.88125 0.1390625000000001 0.8484375 0.1390625000000001 0.8484375 0.18125000000000008 0.88125 0.18125000000000008
1 0.759375 0.15000000000000008 0.728125 0.15000000000000008 0.728125 0.1703125000000001 0.759375 0.1703125000000001
1 0.8140625 0.06093750000000009 0.8 0.06093750000000009 0.8 0.0750000000000001 0.8140625 0.0750000000000001
1 0.825 0.0750000000000001 0.7984375 0.0750000000000001 0.7984375 0.0937500000000001 0.825 0.09375000000000011