1 0.709375 0.08906250000000009 0.6859375 0.08906250000000009 0.6859375 0.10468750000000009 0.709375 0.10468750000000009
1 0.71875 0.07187500000000009 0.7078125 0.07187500000000009 0.7078125 0.08125000000000009 0.71875 0.08125000000000009
0 0.9515625 0.6859375000000002 0.7921875 0.6859375000000002 0.7921875 0.8421875 0.9515625 0.8421875
1 0.6625 0.1546875000000001 0.63125 0.1546875000000001 0.63125 0.17187500000000008 0.6625 0.17187500000000008
0 0.7984375 0.10937500000000008 0.7640625 0.10937500000000008 0.7640625 0.1359375000000001 0.7984375 0.1359375000000001
1 0.684375 0.11562500000000009 0.6625 0.11562500000000009 0.6625 0.13281250000000008 0.684375 0.13281250000000008
0 0.825 0.1359375000000001 0.7890625 0.1359375000000001 0.7890625 0.1859375000000001 0.825 0.1859375000000001
0 0.4984375 0.459375 0.36406250000000007 0.459375 0.36406250000000007 0.6421875 0.4984375 0.6421875
0 0.978125 0.042187500000000114 0.93125 0.042187500000000114 0.93125 0.0875000000000001 0.978125 0.0875000000000001
1 0.5421875 0.3031250000000001 0.496875 0.3031250000000001 0.496875 0.3390625000000001 0.5421875 0.3390625000000001
0 0.88125 0.03593750000000011 0.84375 0.0359375000000001 0.84375 0.0718750000000001 0.88125 0.0718750000000001