0 0.4171875 0.33437500000000003 0.303125 0.334375 0.30312500000000003 0.4265625 0.4171875 0.4265625
0 0.26250000000000007 0.315625 0.14843750000000006 0.315625 0.14843750000000006 0.4109375 0.26250000000000007 0.4109375
1 0.7375 0.1859375000000001 0.709375 0.1859375000000001 0.709375 0.20468750000000008 0.7375 0.20468750000000008
1 0.675 0.2593750000000001 0.6390625 0.2593750000000001 0.6390625 0.28593750000000007 0.675 0.28593750000000007
1 0.6921875 0.2140625000000001 0.65625 0.2140625000000001 0.65625 0.24218750000000008 0.6921875 0.24218750000000008
1 0.6234375 0.2765625000000001 0.5828125 0.2765625000000001 0.5828125 0.30156250000000007 0.6234375 0.30156250000000007
1 0.609375 0.3656250000000001 0.5453125 0.3656250000000001 0.5453125 0.4125 0.609375 0.4125
0 0.846875 0.5703125000000002 0.73125 0.5703125000000002 0.7312500000000001 0.7359375000000001 0.846875 0.7359375000000001
1 0.6046875 0.2968750000000001 0.5671875 0.2968750000000001 0.5671875 0.3281250000000001 0.6046875 0.3281250000000001
1 0.703125 0.2078125000000001 0.671875 0.2078125000000001 0.671875 0.22812500000000008 0.703125 0.22812500000000008
0 1 0.6359375000000002 0.8890625 0.6359375000000002 0.8890625 0.8375 1 0.8375
1 0.59375 0.3203125000000001 0.55 0.3203125000000001 0.55 0.3609375000000001 0.59375 0.3609375000000001
1 0.7234375 0.1546875000000001 0.696875 0.1546875000000001 0.696875 0.17187500000000008 0.7234375 0.17187500000000008
0 0.5109375 0.4234375 0.3968750000000001 0.4234375 0.3968750000000001 0.5421875 0.5109375 0.5421875
1 0.76875 0.11250000000000009 0.7484375 0.11250000000000009 0.7484375 0.12656250000000008 0.76875 0.12656250000000008
1 0.7546875 0.1296875000000001 0.73125 0.1296875000000001 0.73125 0.1468750000000001 0.7546875 0.1468750000000001
1 0.78125 0.10937500000000008 0.75625 0.10937500000000008 0.75625 0.12343750000000009 0.78125 0.12343750000000009
1 0.8 0.0828125000000001 0.78125 0.0828125000000001 0.78125 0.09531250000000009 0.8 0.09531250000000009
0 0.7359375 0.07812500000000008 0.7 0.07812500000000008 0.7 0.10781250000000009 0.7359375 0.10781250000000009
1 0.803125 0.0906250000000001 0.7828125 0.0906250000000001 0.7828125 0.10156250000000008 0.803125 0.10156250000000008
0 0.8796875 0.12500000000000008 0.8453125 0.12500000000000008 0.8453125 0.1531250000000001 0.8796875 0.1531250000000001
1 0.7671875 0.12343750000000009 0.746875 0.12343750000000009 0.746875 0.1390625000000001 0.7671875 0.1390625000000001
1 0.7484375 0.1359375000000001 0.7234375 0.1359375000000001 0.7234375 0.1531250000000001 0.7484375 0.1531250000000001
1 0.7171875 0.18750000000000008 0.6859375 0.18750000000000008 0.6859375 0.2062500000000001 0.7171875 0.2062500000000001
0 0.8921875 0.07656250000000012 0.840625 0.07656250000000012 0.840625 0.1140625000000001 0.8921875 0.1140625000000001
0 0.8546875 0.1218750000000001 0.815625 0.1218750000000001 0.815625 0.16406250000000008 0.8546875 0.16406250000000008