1 0.6984375 0.09687500000000009 0.6859375 0.09687500000000009 0.6859375 0.11093750000000009 0.6984375 0.11093750000000009
1 0.6140625 0.2171875000000001 0.575 0.2171875000000001 0.575 0.2406250000000001 0.6140625 0.2406250000000001
1 0.684375 0.12500000000000008 0.6578125 0.12500000000000008 0.6578125 0.1437500000000001 0.684375 0.1437500000000001
1 0.65 0.15781250000000008 0.621875 0.15781250000000008 0.621875 0.1781250000000001 0.65 0.1781250000000001
0 0.828125 0.1359375000000001 0.79375 0.1359375000000001 0.79375 0.1828125000000001 0.828125 0.1828125000000001
0 0.7984375 0.10937500000000008 0.7671875 0.10937500000000008 0.7671875 0.1453125000000001 0.7984375 0.1453125000000001
0 0.9984375 0.7046875000000001 0.9421875 0.7046875000000001 0.9421875 0.8546875 0.9984375 0.8546875
0 0.9765625 0.043750000000000115 0.9328125 0.04375000000000011 0.9328125 0.0875000000000001 0.9765625 0.0875000000000001
0 0.7453125 0.02968750000000009 0.7109375 0.02968750000000009 0.7109375 0.06250000000000008 0.7453125 0.06250000000000008
0 0.9984375 0.3140625000000001 0.959375 0.3140625000000001 0.959375 0.3828125000000001 0.9984375 0.3828125000000001
0 0.9515625 0.009375000000000116 0.91875 0.009375000000000114 0.91875 0.02812500000000011 0.9515625 0.02812500000000011
0 0.88125 0.0375000000000001 0.84375 0.0375000000000001 0.84375 0.0718750000000001 0.88125 0.0718750000000001
0 0.8171875 0.1828125000000001 0.7859375 0.1828125000000001 0.7859375 0.2171875000000001 0.8171875 0.2171875000000001
0 0.36562500000000003 0.31562500000000004 0.2125 0.315625 0.21250000000000005 0.43125 0.3656250000000001 0.43125