0 0.6734375 0.046875000000000076 0.6375 0.046875000000000076 0.6375 0.0828125000000001 0.6734375 0.0828125000000001
0 0.7734375 0.11093750000000009 0.740625 0.11093750000000009 0.740625 0.1453125000000001 0.7734375 0.1453125000000001
1 0.621875 0.1828125000000001 0.5921875 0.1828125000000001 0.5921875 0.20468750000000008 0.621875 0.20468750000000008
0 1 0.3062500000000001 0.959375 0.3062500000000001 0.959375 0.3765625000000001 1 0.3765625000000001
0 0.9796875 0.042187500000000114 0.9328125 0.042187500000000114 0.9328125 0.0875000000000001 0.9796875 0.0875000000000001
0 1 0.7343750000000002 0.915625 0.7343750000000002 0.915625 0.88125 1 0.88125
0 0.88125 0.0375000000000001 0.846875 0.0375000000000001 0.846875 0.0718750000000001 0.88125 0.0718750000000001
1 0.51875 0.3312500000000001 0.4796875 0.3312500000000001 0.4796875 0.3656250000000001 0.51875 0.3656250000000001
1 0.7125 0.07656250000000009 0.6921875 0.07656250000000009 0.6921875 0.09375000000000008 0.7125 0.09375000000000008
0 0.7984375 0.11562500000000009 0.7703125 0.11562500000000009 0.7703125 0.1437500000000001 0.7984375 0.1437500000000001
1 0.6625 0.14218750000000008 0.6359375 0.14218750000000008 0.6359375 0.1609375000000001 0.6625 0.1609375000000001
0 0.39531250000000007 0.43125 0.2796875000000001 0.43125 0.2796875000000001 0.5609375 0.39531250000000007 0.5609375
0 0.9515625 0.009375000000000116 0.91875 0.009375000000000114 0.91875 0.02812500000000011 0.9515625 0.02812500000000011
1 0.559375 0.3062500000000001 0.5109375 0.3062500000000001 0.5109375 0.34062500000000007 0.559375 0.34062500000000007
1 0.703125 0.11718750000000008 0.678125 0.11718750000000008 0.678125 0.13437500000000008 0.703125 0.13437500000000008
0 0.7859375 0.06406250000000009 0.75625 0.06406250000000009 0.75625 0.09218750000000009 0.7859375 0.09218750000000009
0 0.09218750000000005 0.3078125 3.769615928625447e-17 0.3078125 4.4584797531458325e-17 0.4203125 0.09218750000000005 0.4203125
0 0.8046875 0.5890625 0.6546875 0.5890625 0.6546875000000001 0.7468750000000001 0.8046875 0.7468750000000002
0 0.9328125 0.6593750000000002 0.7828125 0.6593750000000002 0.7828125000000001 0.8359375 0.9328125 0.8359375
1 0.6828125 0.1437500000000001 0.6609375 0.1437500000000001 0.6609375 0.15781250000000008 0.6828125 0.15781250000000008
1 0.69375 0.1281250000000001 0.6703125 0.1281250000000001 0.6703125 0.1437500000000001 0.69375 0.1437500000000001
0 0.678125 0.01093750000000008 0.6453125 0.010937500000000077 0.6453125 0.04218750000000008 0.678125 0.04218750000000008