0 0.9984375 0.5625000000000002 0.89375 0.5625000000000002 0.89375 0.8265625 0.9984375 0.8265625
1 0.5875 0.3296875000000001 0.546875 0.3296875000000001 0.546875 0.3625000000000001 0.5875 0.3625000000000001
1 0.66875 0.2609375000000001 0.6265625 0.2609375000000001 0.6265625 0.2921875000000001 0.66875 0.2921875000000001
0 0.8921875 0.11875000000000009 0.8625 0.11875000000000009 0.8625 0.14843750000000008 0.8921875 0.14843750000000008
0 0.6078125 0.471875 0.503125 0.471875 0.503125 0.6015625 0.6078125 0.6015625
0 0.75 0.07656250000000009 0.7171875 0.07656250000000009 0.7171875 0.1140625000000001 0.75 0.1140625000000001
1 0.75625 0.1609375000000001 0.7296875 0.1609375000000001 0.7296875 0.1765625000000001 0.75625 0.1765625000000001
0 0.8640625 0.12656250000000008 0.8171875 0.12656250000000008 0.8171875 0.1703125000000001 0.8640625 0.1703125000000001
1 0.76875 0.1531250000000001 0.7421875 0.1531250000000001 0.7421875 0.1703125000000001 0.76875 0.1703125000000001
0 0.88125 0.1390625000000001 0.840625 0.1390625000000001 0.840625 0.17968750000000008 0.88125 0.17968750000000008
1 0.7078125 0.22031250000000008 0.678125 0.22031250000000008 0.678125 0.24218750000000008 0.7078125 0.24218750000000008
0 0.8734375 0.09218750000000012 0.828125 0.09218750000000012 0.828125 0.1375000000000001 0.8734375 0.1375000000000001
0 0.9 0.6359375000000002 0.7953125 0.6359375000000002 0.7953125000000001 0.7937500000000002 0.9 0.7937500000000002
1 0.6859375 0.22656250000000008 0.6515625 0.22656250000000008 0.6515625 0.2484375000000001 0.6859375 0.2484375000000001
1 0.7203125 0.21093750000000008 0.6875 0.21093750000000008 0.6875 0.2312500000000001 0.7203125 0.2312500000000001
0 0.9984375 0.5593750000000002 0.9390625 0.5593750000000002 0.9390625 0.7015625000000002 0.9984375 0.7015625000000002
1 0.803125 0.0984375000000001 0.7765625 0.0984375000000001 0.7765625 0.11250000000000009 0.803125 0.11250000000000009
1 0.7875 0.1062500000000001 0.7640625 0.1062500000000001 0.7640625 0.1218750000000001 0.7875 0.1218750000000001
0 0.7265625 0.08750000000000009 0.70625 0.08750000000000009 0.70625 0.11093750000000009 0.7265625 0.11093750000000009
1 0.725 0.17343750000000008 0.69375 0.17343750000000008 0.69375 0.1937500000000001 0.725 0.1937500000000001
1 0.765625 0.1312500000000001 0.734375 0.1312500000000001 0.734375 0.14843750000000008 0.765625 0.14843750000000008
1 0.7953125 0.11718750000000008 0.7625 0.11718750000000008 0.7625 0.1390625000000001 0.7953125 0.1390625000000001
1 0.8078125 0.07968750000000009 0.7828125 0.07968750000000009 0.7828125 0.09687500000000009 0.8078125 0.09687500000000009
0 0.29218750000000004 0.3 0.17968750000000006 0.3 0.17968750000000006 0.3640625 0.2921875000000001 0.3640625