1 0.546875 0.2906250000000001 0.5125 0.2906250000000001 0.5125 0.3218750000000001 0.546875 0.3218750000000001
1 0.521875 0.3781250000000001 0.4578125 0.3781250000000001 0.4578125 0.421875 0.521875 0.421875
1 0.653125 0.1531250000000001 0.625 0.1531250000000001 0.625 0.17187500000000008 0.653125 0.17187500000000008
1 0.5734375 0.27031250000000007 0.534375 0.27031250000000007 0.534375 0.30156250000000007 0.5734375 0.30156250000000007
1 0.6453125 0.1671875000000001 0.6203125 0.1671875000000001 0.6203125 0.1828125000000001 0.6453125 0.1828125000000001
1 0.678125 0.1312500000000001 0.64375 0.1312500000000001 0.64375 0.15000000000000008 0.678125 0.15000000000000008
1 0.684375 0.12031250000000009 0.6578125 0.12031250000000009 0.6578125 0.1359375000000001 0.684375 0.1359375000000001
1 0.6140625 0.2500000000000001 0.5765625 0.2500000000000001 0.5765625 0.2750000000000001 0.6140625 0.2750000000000001
1 0.703125 0.08437500000000009 0.68125 0.08437500000000009 0.68125 0.09687500000000009 0.703125 0.09687500000000009
1 0.6984375 0.09531250000000009 0.6796875 0.09531250000000009 0.6796875 0.10937500000000008 0.6984375 0.10937500000000008
1 0.6421875 0.1921875000000001 0.609375 0.1921875000000001 0.609375 0.21250000000000008 0.6421875 0.21250000000000008
1 0.7234375 0.06875000000000009 0.7015625 0.06875000000000009 0.7015625 0.08593750000000008 0.7234375 0.08593750000000008
1 0.615625 0.20312500000000008 0.58125 0.20312500000000008 0.58125 0.2234375000000001 0.615625 0.2234375000000001
1 0.7140625 0.11250000000000009 0.684375 0.11250000000000009 0.684375 0.1281250000000001 0.7140625 0.1281250000000001
1 0.6390625 0.17343750000000008 0.603125 0.17343750000000008 0.603125 0.1921875000000001 0.6390625 0.1921875000000001
1 0.6828125 0.15000000000000008 0.646875 0.15000000000000008 0.646875 0.1687500000000001 0.6828125 0.1687500000000001
0 0.8328125 0.6687500000000001 0.7015625 0.66875 0.7015625000000001 0.8234375 0.8328125 0.8234375
0 0.840625 0.0843750000000001 0.8078125 0.08437500000000009 0.8078125 0.13281250000000008 0.840625 0.13281250000000008
1 0.6875 0.1437500000000001 0.65625 0.1437500000000001 0.65625 0.1593750000000001 0.6875 0.1593750000000001
0 0.9296875 0.7078125000000002 0.81875 0.7078125000000002 0.81875 0.890625 0.9296875 0.890625
1 0.73125 0.0828125000000001 0.70625 0.0828125000000001 0.70625 0.09687500000000009 0.73125 0.09687500000000009
1 0.69375 0.11250000000000009 0.671875 0.11250000000000009 0.671875 0.12656250000000008 0.69375 0.12656250000000008
0 0.978125 0.043750000000000115 0.93125 0.04375000000000011 0.93125 0.0875000000000001 0.978125 0.0875000000000001
0 0.8359375 0.11718750000000008 0.796875 0.11718750000000008 0.796875 0.16406250000000008 0.8359375 0.16406250000000008
0 0.8046875 0.10312500000000009 0.759375 0.10312500000000009 0.759375 0.1390625000000001 0.8046875 0.1390625000000001
0 1 0.30156250000000007 0.965625 0.30156250000000007 0.965625 0.3531250000000001 1 0.3531250000000001
0 0.3234375000000001 0.3734375 0.2312500000000001 0.3734375 0.2312500000000001 0.453125 0.3234375000000001 0.453125
0 0.671875 0.06406250000000008 0.634375 0.06406250000000006 0.634375 0.09843750000000008 0.671875 0.0984375000000001