0 0.646875 0.5515625 0.53125 0.5515625 0.53125 0.6828125 0.646875 0.6828125
0 0.12812500000000004 0.31875 0.001562500000000039 0.31875 0.001562500000000047 0.4453125 0.12812500000000004 0.4453125
0 0.9796875 0.5984375000000002 0.815625 0.5984375000000002 0.815625 0.7984375000000001 0.9796875 0.7984375000000001
0 0.828125 0.13437500000000008 0.79375 0.13437500000000008 0.79375 0.18125000000000008 0.828125 0.18125000000000008
0 0.734375 0.028125000000000087 0.7046875 0.028125000000000087 0.7046875 0.05468750000000009 0.734375 0.05468750000000009
1 0.665625 0.1390625000000001 0.640625 0.1390625000000001 0.640625 0.15625000000000008 0.665625 0.15625000000000008
1 0.6359375 0.18906250000000008 0.6015625 0.18906250000000008 0.6015625 0.2093750000000001 0.6359375 0.2093750000000001
0 0.7984375 0.11093750000000009 0.7671875 0.11093750000000009 0.7671875 0.1453125000000001 0.7984375 0.1453125000000001
0 0.8171875 0.1828125000000001 0.7859375 0.1828125000000001 0.7859375 0.2156250000000001 0.8171875 0.2156250000000001
1 0.7015625 0.10156250000000008 0.665625 0.10156250000000008 0.665625 0.13281250000000008 0.7015625 0.13281250000000008
1 0.7140625 0.07968750000000009 0.69375 0.07968750000000009 0.69375 0.10156250000000008 0.7140625 0.10156250000000008