0 0.996875 0.6234375000000002 0.88125 0.6234375000000002 0.88125 0.8265625 0.996875 0.8265625
0 0.996875 0.5375000000000002 0.921875 0.5375000000000002 0.921875 0.6750000000000002 0.996875 0.6750000000000002
1 0.5828125 0.3375000000000001 0.540625 0.3375000000000001 0.540625 0.37968750000000007 0.5828125 0.37968750000000007
1 0.646875 0.3203125000000001 0.6015625 0.3203125000000001 0.6015625 0.35625000000000007 0.646875 0.35625000000000007
1 0.75 0.1375000000000001 0.7203125 0.1375000000000001 0.7203125 0.1531250000000001 0.75 0.1531250000000001
1 0.590625 0.3156250000000001 0.553125 0.3156250000000001 0.553125 0.34843750000000007 0.590625 0.34843750000000007
1 0.628125 0.2812500000000001 0.59375 0.2812500000000001 0.59375 0.3125000000000001 0.628125 0.3125000000000001
1 0.7671875 0.1531250000000001 0.746875 0.1531250000000001 0.746875 0.17187500000000008 0.7671875 0.17187500000000008
1 0.75 0.15781250000000008 0.725 0.15781250000000008 0.725 0.17343750000000008 0.75 0.17343750000000008
0 0.790625 0.5703125000000001 0.6671875 0.5703125 0.6671875 0.7125000000000001 0.790625 0.7125000000000001
1 0.6828125 0.2171875000000001 0.65 0.2171875000000001 0.65 0.24218750000000008 0.6828125 0.24218750000000008
0 0.19218750000000004 0.2875 0.07656250000000005 0.2875 0.07656250000000005 0.371875 0.19218750000000004 0.371875
0 0.425 0.36250000000000004 0.3296875 0.3625 0.3296875 0.4265625 0.425 0.4265625
0 0.871875 0.06562500000000011 0.8375 0.06562500000000011 0.8375 0.09687500000000011 0.871875 0.09687500000000011
0 0.8609375 0.09843750000000011 0.825 0.09843750000000011 0.825 0.1296875000000001 0.8609375 0.1296875000000001
1 0.7609375 0.12343750000000009 0.7375 0.12343750000000009 0.7375 0.1390625000000001 0.7609375 0.1390625000000001
0 0.8546875 0.11718750000000008 0.81875 0.11718750000000008 0.81875 0.1515625000000001 0.8546875 0.1515625000000001