1 0.7734375 0.12656250000000008 0.7515625 0.12656250000000008 0.7515625 0.14218750000000008 0.7734375 0.14218750000000008
0 0.996875 0.6203125000000002 0.834375 0.6203125000000002 0.834375 0.7968750000000002 0.996875 0.7968750000000002
1 0.7890625 0.12500000000000008 0.771875 0.12500000000000008 0.771875 0.1390625000000001 0.7890625 0.1390625000000001
1 0.659375 0.2468750000000001 0.628125 0.2468750000000001 0.628125 0.2765625000000001 0.659375 0.2765625000000001
0 0.7515625 0.5437500000000001 0.6265625 0.54375 0.6265625 0.6812500000000001 0.7515625 0.6812500000000001
1 0.7734375 0.11093750000000009 0.746875 0.11093750000000009 0.746875 0.12343750000000009 0.7734375 0.12343750000000009
1 0.7796875 0.10312500000000009 0.7578125 0.10312500000000009 0.7578125 0.11562500000000009 0.7796875 0.11562500000000009
0 0.14375000000000004 0.2359375 0.012500000000000028 0.2359375 0.012500000000000035 0.353125 0.14375000000000004 0.353125
1 0.7078125 0.2375000000000001 0.6703125 0.2375000000000001 0.6703125 0.26250000000000007 0.7078125 0.26250000000000007
1 0.7234375 0.1687500000000001 0.6953125 0.1687500000000001 0.6953125 0.18906250000000008 0.7234375 0.18906250000000008
0 0.415625 0.3609375 0.3328125 0.3609375 0.33281250000000007 0.4296875 0.415625 0.4296875
1 0.6640625 0.2328125000000001 0.6390625 0.2328125000000001 0.6390625 0.2578125000000001 0.6640625 0.2578125000000001
1 0.6890625 0.21093750000000008 0.659375 0.21093750000000008 0.659375 0.23437500000000008 0.6890625 0.23437500000000008
0 0.3765625 0.23593750000000005 0.2875 0.2359375 0.2875 0.32031250000000006 0.3765625 0.3203125000000001
1 0.5734375 0.3203125000000001 0.54375 0.3203125000000001 0.54375 0.3531250000000001 0.5734375 0.3531250000000001
1 0.625 0.3031250000000001 0.571875 0.3031250000000001 0.571875 0.3437500000000001 0.625 0.3437500000000001
1 0.6140625 0.3593750000000001 0.5609375 0.3593750000000001 0.5609375 0.4 0.6140625 0.4