0 0.19218750000000004 0.2890625 0.08437500000000005 0.2890625 0.08437500000000005 0.378125 0.19218750000000004 0.378125
0 0.07187500000000004 0.240625 0.0015625000000000291 0.240625 0.0015625000000000343 0.325 0.07187500000000005 0.325
0 0.503125 0.37968750000000007 0.36406250000000007 0.37968750000000007 0.36406250000000007 0.5375 0.503125 0.5375
0 0.13750000000000004 0.2203125 0.042187500000000024 0.2203125 0.04218750000000003 0.29375 0.13750000000000004 0.29375
1 0.63125 0.2906250000000001 0.59375 0.2906250000000001 0.59375 0.3218750000000001 0.63125 0.3218750000000001
1 0.6609375 0.24375000000000008 0.621875 0.24375000000000008 0.621875 0.27031250000000007 0.6609375 0.27031250000000007
1 0.6140625 0.3000000000000001 0.5734375 0.3000000000000001 0.5734375 0.3359375000000001 0.6140625 0.3359375000000001
1 0.6453125 0.2531250000000001 0.6078125 0.2531250000000001 0.6078125 0.27812500000000007 0.6453125 0.27812500000000007
1 0.575 0.3437500000000001 0.51875 0.3437500000000001 0.51875 0.3703125000000001 0.575 0.3703125000000001
1 0.5890625 0.3187500000000001 0.5484375 0.3187500000000001 0.5484375 0.3531250000000001 0.5890625 0.3531250000000001
1 0.66875 0.28593750000000007 0.621875 0.28593750000000007 0.621875 0.30937500000000007 0.66875 0.30937500000000007
1 0.6984375 0.21875000000000008 0.653125 0.21875000000000008 0.653125 0.25468750000000007 0.6984375 0.25468750000000007
0 0.71875 0.5125 0.6 0.5125 0.6 0.596875 0.71875 0.596875
1 0.775 0.11093750000000009 0.7421875 0.11093750000000009 0.7421875 0.1390625000000001 0.775 0.1390625000000001
1 0.7546875 0.1375000000000001 0.71875 0.1375000000000001 0.71875 0.1515625000000001 0.7546875 0.1515625000000001
1 0.6953125 0.1937500000000001 0.6625 0.1937500000000001 0.6625 0.22031250000000008 0.6953125 0.22031250000000008
1 0.76875 0.1218750000000001 0.7421875 0.1218750000000001 0.7421875 0.1765625000000001 0.76875 0.1765625000000001
1 0.7234375 0.1703125000000001 0.6890625 0.1703125000000001 0.6890625 0.20468750000000008 0.7234375 0.20468750000000008
1 0.7265625 0.20468750000000008 0.690625 0.20468750000000008 0.690625 0.24218750000000008 0.7265625 0.24218750000000008