0 0.8609375 0.07500000000000011 0.83125 0.07500000000000011 0.83125 0.1218750000000001 0.8609375 0.1218750000000001
0 0.428125 0.29687500000000006 0.3140625 0.296875 0.3140625 0.39687500000000003 0.428125 0.3968750000000001
0 0.32812500000000006 0.3546875 0.2453125 0.3546875 0.24531250000000004 0.45 0.3281250000000001 0.45
0 0.8484375 0.12343750000000009 0.8125 0.12343750000000009 0.8125 0.16562500000000008 0.8484375 0.16562500000000008
1 0.8015625 0.07968750000000009 0.7765625 0.07968750000000009 0.7765625 0.09375000000000008 0.8015625 0.09375000000000008
1 0.7890625 0.09687500000000009 0.759375 0.09687500000000009 0.759375 0.11250000000000009 0.7890625 0.11250000000000009
0 0.74375 0.07656250000000009 0.7109375 0.07656250000000009 0.7109375 0.11250000000000009 0.74375 0.11250000000000009
1 0.6125 0.2984375000000001 0.5671875 0.2984375000000001 0.5671875 0.3281250000000001 0.6125 0.3281250000000001
1 0.696875 0.21093750000000008 0.659375 0.21093750000000008 0.659375 0.23437500000000008 0.696875 0.23437500000000008
1 0.74375 0.1531250000000001 0.7140625 0.1531250000000001 0.7140625 0.1703125000000001 0.74375 0.1703125000000001
1 0.6625 0.2531250000000001 0.6265625 0.2531250000000001 0.6265625 0.27812500000000007 0.6625 0.27812500000000007
1 0.6359375 0.27031250000000007 0.5953125 0.27031250000000007 0.5953125 0.2953125000000001 0.6359375 0.2953125000000001
1 0.671875 0.22812500000000008 0.6390625 0.22812500000000008 0.6390625 0.2531250000000001 0.671875 0.2531250000000001
1 0.7953125 0.0906250000000001 0.7703125 0.0906250000000001 0.7703125 0.10312500000000009 0.7953125 0.10312500000000009
1 0.74375 0.16562500000000008 0.7171875 0.16562500000000008 0.7171875 0.1828125000000001 0.74375 0.1828125000000001
0 0.871875 0.1218750000000001 0.846875 0.1218750000000001 0.846875 0.15625000000000008 0.871875 0.15625000000000008
0 0.8828125 0.07812500000000011 0.853125 0.07812500000000011 0.853125 0.11562500000000009 0.8828125 0.11562500000000009
0 0.9609375 0.2015625000000001 0.903125 0.2015625000000001 0.903125 0.2906250000000001 0.9609375 0.2906250000000001
1 0.7875 0.11093750000000009 0.759375 0.11093750000000009 0.759375 0.1281250000000001 0.7875 0.1281250000000001
0 0.878125 0.14843750000000008 0.8421875 0.14843750000000008 0.8421875 0.17968750000000008 0.878125 0.17968750000000008