0 0.27656250000000004 0.3140625 0.14843750000000006 0.3140625 0.14843750000000006 0.4234375 0.2765625000000001 0.4234375
0 0.7375 0.4562500000000001 0.578125 0.45625 0.578125 0.5890625 0.7375 0.5890625000000002
0 0.415625 0.27812500000000007 0.2828125 0.278125 0.2828125 0.43125 0.415625 0.43125
1 0.4265625 0.23593750000000005 0.3421875 0.2359375 0.3421875 0.30937500000000007 0.4265625 0.30937500000000007
1 0.7 0.2562500000000001 0.6609375 0.2562500000000001 0.6609375 0.27812500000000007 0.7 0.27812500000000007
0 0.915625 0.01718750000000011 0.878125 0.017187500000000105 0.878125 0.06718750000000011 0.915625 0.06718750000000011
1 0.64375 0.3281250000000001 0.596875 0.3281250000000001 0.596875 0.36406250000000007 0.64375 0.36406250000000007
1 0.715625 0.17343750000000008 0.69375 0.17343750000000008 0.69375 0.19531250000000008 0.715625 0.19531250000000008
1 0.6265625 0.30156250000000007 0.5828125 0.30156250000000007 0.5828125 0.3296875000000001 0.6265625 0.3296875000000001
1 0.7578125 0.1671875000000001 0.7328125 0.1671875000000001 0.7328125 0.1859375000000001 0.7578125 0.1859375000000001
1 0.73125 0.09375000000000008 0.7078125 0.09375000000000008 0.7078125 0.10937500000000008 0.73125 0.10937500000000008
1 0.7125 0.1937500000000001 0.675 0.1937500000000001 0.675 0.2140625000000001 0.7125 0.2140625000000001
1 0.653125 0.26250000000000007 0.5984375 0.26250000000000007 0.5984375 0.3062500000000001 0.653125 0.3062500000000001
1 0.7359375 0.18750000000000008 0.7109375 0.18750000000000008 0.7109375 0.2078125000000001 0.7359375 0.2078125000000001
1 0.6734375 0.2250000000000001 0.640625 0.2250000000000001 0.640625 0.2500000000000001 0.6734375 0.2500000000000001
1 0.725 0.2093750000000001 0.7 0.2093750000000001 0.7 0.2250000000000001 0.725 0.2250000000000001
0 0.9734375 0.012500000000000117 0.9375 0.012500000000000117 0.9375 0.05156250000000011 0.9734375 0.05156250000000011
0 0.9890625 0.014062500000000117 0.9265625 0.014062500000000111 0.9265625 0.09687500000000011 0.9890625 0.09687500000000011