0 0.5765625 0.5125 0.4421875 0.5125 0.4421875 0.65625 0.5765625 0.65625
1 0.6390625 0.1687500000000001 0.603125 0.1687500000000001 0.603125 0.1921875000000001 0.6390625 0.1921875000000001
0 0.3140625 0.3265625 0.20625 0.3265625 0.20625000000000004 0.4421875 0.3140625000000001 0.4421875
1 0.6859375 0.12343750000000009 0.6578125 0.12343750000000009 0.6578125 0.14218750000000008 0.6859375 0.14218750000000008
1 0.55 0.2875000000000001 0.5078125 0.2875000000000001 0.5078125 0.3187500000000001 0.55 0.3187500000000001
1 0.61875 0.1937500000000001 0.58125 0.1937500000000001 0.58125 0.21875000000000008 0.61875 0.21875000000000008
1 0.6734375 0.1375000000000001 0.6421875 0.1375000000000001 0.6421875 0.15625000000000008 0.6734375 0.15625000000000008
1 0.6984375 0.10468750000000009 0.675 0.10468750000000009 0.675 0.12031250000000009 0.6984375 0.12031250000000009
1 0.6859375 0.11718750000000008 0.6671875 0.11718750000000008 0.6671875 0.13281250000000008 0.6859375 0.13281250000000008
1 0.5265625 0.3296875000000001 0.4796875 0.3296875000000001 0.4796875 0.36406250000000007 0.5265625 0.36406250000000007
1 0.728125 0.06093750000000009 0.709375 0.06093750000000009 0.709375 0.07343750000000009 0.728125 0.07343750000000009
1 0.5953125 0.21875000000000008 0.559375 0.21875000000000008 0.559375 0.2468750000000001 0.5953125 0.2468750000000001
1 0.71875 0.06875000000000009 0.7 0.06875000000000009 0.7 0.08125000000000009 0.71875 0.08125000000000009
1 0.6578125 0.15625000000000008 0.628125 0.15625000000000008 0.628125 0.17343750000000008 0.6578125 0.17343750000000008
0 1 0.6343750000000001 0.928125 0.6343750000000001 0.928125 0.8078125 1 0.8078125
1 0.7140625 0.08125000000000009 0.6890625 0.08125000000000009 0.6890625 0.09687500000000009 0.7140625 0.09687500000000009
0 0.7906250000000001 0.6218750000000001 0.6625 0.621875 0.6625000000000001 0.7750000000000001 0.7906250000000001 0.7750000000000001