1 0.60625 0.2078125000000001 0.5640625 0.2078125000000001 0.5640625 0.23437500000000008 0.60625 0.23437500000000008
1 0.5875 0.2796875000000001 0.5390625 0.2796875000000001 0.5390625 0.3046875000000001 0.5875 0.3046875000000001
1 0.534375 0.3031250000000001 0.4875 0.3031250000000001 0.4875 0.34062500000000007 0.534375 0.34062500000000007
0 0.9109375 0.6687500000000002 0.7578125 0.6687500000000002 0.7578125000000001 0.840625 0.9109375 0.840625
0 0.3656250000000001 0.4015625 0.2328125000000001 0.4015625 0.2328125000000001 0.559375 0.3656250000000001 0.559375
1 0.5828125 0.22656250000000008 0.5421875 0.22656250000000008 0.5421875 0.2531250000000001 0.5828125 0.2531250000000001
0 0.03906250000000004 0.29375 3.59739997249535e-17 0.29375 4.03750741593893e-17 0.365625 0.03906250000000004 0.365625
1 0.5375 0.27812500000000007 0.5 0.27812500000000007 0.5 0.3062500000000001 0.5375 0.3062500000000001
1 0.7171875 0.06875000000000009 0.696875 0.06875000000000009 0.696875 0.07968750000000009 0.7171875 0.07968750000000009
1 0.675 0.1281250000000001 0.65 0.1281250000000001 0.65 0.14218750000000008 0.675 0.14218750000000008
1 0.6359375 0.17187500000000008 0.60625 0.17187500000000008 0.60625 0.1906250000000001 0.6359375 0.1906250000000001
0 0.6703125 0.521875 0.5703125 0.521875 0.5703125 0.63125 0.6703125 0.63125
1 0.7390625 0.06875000000000009 0.721875 0.06875000000000009 0.721875 0.07968750000000009 0.7390625 0.07968750000000009
0 0.9765625 0.04531250000000012 0.9328125 0.04531250000000011 0.9328125 0.08906250000000011 0.9765625 0.08906250000000011
1 0.6203125 0.2484375000000001 0.565625 0.2484375000000001 0.565625 0.3140625000000001 0.6203125 0.3140625000000001