1 0.603125 0.2890625000000001 0.5609375 0.2890625000000001 0.5609375 0.3218750000000001 0.603125 0.3218750000000001
1 0.6453125 0.2640625000000001 0.609375 0.2640625000000001 0.609375 0.2921875000000001 0.6453125 0.2921875000000001
0 0.20468750000000005 0.2734375 0.07812500000000004 0.2734375 0.07812500000000004 0.3890625 0.20468750000000008 0.3890625
0 0.9265625 0.6296875000000002 0.8171875 0.6296875000000002 0.8171875 0.7859375000000002 0.9265625 0.7859375000000002
0 0.4515625 0.39375000000000004 0.3343750000000001 0.39375 0.3343750000000001 0.5046875 0.4515625 0.5046875
0 0.8953125 0.08281250000000011 0.8609375 0.08281250000000011 0.8609375 0.1062500000000001 0.8953125 0.1062500000000001
1 0.6921875 0.2531250000000001 0.6453125 0.2531250000000001 0.6453125 0.28593750000000007 0.6921875 0.28593750000000007
0 0.8609375 0.08281250000000011 0.825 0.08281250000000011 0.825 0.12656250000000008 0.8609375 0.12656250000000008
1 0.6921875 0.1984375000000001 0.659375 0.1984375000000001 0.659375 0.2171875000000001 0.6921875 0.2171875000000001
0 0.7203125 0.4765625 0.5984375 0.4765625 0.5984375 0.6171875 0.7203125 0.6171875
0 0.896875 0.10156250000000008 0.853125 0.10156250000000008 0.853125 0.14218750000000008 0.896875 0.14218750000000008
0 0.884375 0.1359375000000001 0.840625 0.1359375000000001 0.840625 0.17968750000000008 0.884375 0.17968750000000008
1 0.7703125 0.14218750000000008 0.746875 0.14218750000000008 0.746875 0.15625000000000008 0.7703125 0.15625000000000008
1 0.7875 0.09687500000000009 0.765625 0.09687500000000009 0.765625 0.11250000000000009 0.7875 0.11250000000000009
1 0.6796875 0.21093750000000008 0.6515625 0.21093750000000008 0.6515625 0.2312500000000001 0.6796875 0.2312500000000001
0 0.85 0.12343750000000009 0.815625 0.12343750000000009 0.815625 0.1609375000000001 0.85 0.1609375000000001
1 0.75 0.14062500000000008 0.728125 0.14062500000000008 0.728125 0.15625000000000008 0.75 0.15625000000000008
1 0.753125 0.11718750000000008 0.7328125 0.11718750000000008 0.7328125 0.13281250000000008 0.753125 0.13281250000000008
1 0.7296875 0.1906250000000001 0.7 0.1906250000000001 0.7 0.2093750000000001 0.7296875 0.2093750000000001
1 0.7765625 0.10312500000000009 0.753125 0.10312500000000009 0.753125 0.12031250000000009 0.7765625 0.12031250000000009
1 0.734375 0.1609375000000001 0.70625 0.1609375000000001 0.70625 0.18125000000000008 0.734375 0.18125000000000008
1 0.678125 0.2296875000000001 0.6453125 0.2296875000000001 0.6453125 0.2500000000000001 0.678125 0.2500000000000001
1 0.7453125 0.07343750000000009 0.7203125 0.07343750000000009 0.7203125 0.08593750000000008 0.7453125 0.08593750000000008
1 0.8 0.08593750000000008 0.775 0.08593750000000008 0.775 0.10000000000000009 0.8 0.10000000000000009