1 0.6625 0.24218750000000008 0.6296875 0.24218750000000008 0.6296875 0.2687500000000001 0.6625 0.2687500000000001
1 0.65 0.28593750000000007 0.609375 0.28593750000000007 0.609375 0.3156250000000001 0.65 0.3156250000000001
0 1 0.6671875000000002 0.921875 0.6671875000000002 0.921875 0.8671875 1 0.8671875
0 0.7484375 0.07812500000000008 0.71875 0.07812500000000008 0.71875 0.11562500000000009 0.7484375 0.11562500000000009
0 0.8921875 0.11875000000000009 0.8578125 0.11875000000000009 0.8578125 0.1515625000000001 0.8921875 0.1515625000000001
0 0.421875 0.35937500000000006 0.3015625 0.359375 0.30156250000000007 0.434375 0.421875 0.434375
0 0.8625 0.12656250000000008 0.81875 0.12656250000000008 0.81875 0.1687500000000001 0.8625 0.1687500000000001
1 0.7171875 0.2000000000000001 0.68125 0.2000000000000001 0.68125 0.2250000000000001 0.7171875 0.2250000000000001
0 0.871875 0.09218750000000012 0.8296875 0.09218750000000012 0.8296875 0.1359375000000001 0.871875 0.1359375000000001
0 0.884375 0.1375000000000001 0.8453125 0.1375000000000001 0.8453125 0.1781250000000001 0.884375 0.1781250000000001
1 0.7265625 0.1765625000000001 0.6984375 0.1765625000000001 0.6984375 0.19531250000000008 0.7265625 0.19531250000000008
0 0.95 0.5937500000000002 0.8375 0.5937500000000002 0.8375 0.7453125000000002 0.95 0.7453125000000002
1 0.753125 0.16562500000000008 0.7265625 0.16562500000000008 0.7265625 0.1828125000000001 0.753125 0.1828125000000001
0 0.725 0.08750000000000009 0.7046875 0.08750000000000009 0.7046875 0.11093750000000009 0.725 0.11093750000000009
1 0.7765625 0.1281250000000001 0.75625 0.1281250000000001 0.75625 0.14218750000000008 0.7765625 0.14218750000000008
1 0.78125 0.1062500000000001 0.7609375 0.1062500000000001 0.7609375 0.11875000000000009 0.78125 0.11875000000000009
1 0.803125 0.08593750000000008 0.7828125 0.08593750000000008 0.7828125 0.0984375000000001 0.803125 0.0984375000000001
1 0.7890625 0.12500000000000008 0.7671875 0.12500000000000008 0.7671875 0.1375000000000001 0.7890625 0.1375000000000001
1 0.75 0.13437500000000008 0.725 0.13437500000000008 0.725 0.1468750000000001 0.75 0.1468750000000001
1 0.7546875 0.1375000000000001 0.7171875 0.1375000000000001 0.7171875 0.16406250000000008 0.7546875 0.16406250000000008
1 0.815625 0.07031250000000008 0.7875 0.07031250000000008 0.7875 0.0906250000000001 0.815625 0.0906250000000001
1 0.81875 0.0609375000000001 0.803125 0.06093750000000009 0.803125 0.0765625000000001 0.81875 0.07656250000000012