0 0.66875 0.1593750000000001 0.571875 0.1593750000000001 0.571875 0.2390625000000001 0.66875 0.2390625000000001
1 0.3421875 0.06093750000000005 0.3046875 0.06093750000000005 0.3046875 0.07968750000000005 0.3421875 0.07968750000000005
0 0.81875 0.0718750000000001 0.7515625 0.07187500000000009 0.7515625 0.14062500000000008 0.81875 0.14062500000000008
1 0.321875 0.02500000000000004 0.2859375 0.025000000000000033 0.2859375 0.04531250000000004 0.321875 0.04531250000000005
0 0.678125 0.10000000000000009 0.5984375 0.10000000000000009 0.5984375 0.15625000000000008 0.678125 0.15625000000000008
0 0.509375 0.15156250000000004 0.403125 0.15156250000000004 0.403125 0.2484375000000001 0.509375 0.2484375000000001
1 0.4625 0.12187500000000004 0.4140625 0.12187500000000004 0.4140625 0.14218750000000005 0.4625 0.14218750000000005
0 0.6937500000000001 0.615625 0.4984375 0.615625 0.4984375000000001 0.8484375 0.6937500000000002 0.8484375
0 0.5015625 0.20468750000000008 0.38125 0.20468750000000008 0.38125 0.29375000000000007 0.5015625 0.29375000000000007
1 0.4671875 0.09218750000000006 0.4328125 0.09218750000000005 0.4328125 0.11406250000000004 0.4671875 0.11406250000000004
1 0.221875 0.001562500000000025 0.184375 0.0015625000000000229 0.184375 0.018750000000000024 0.221875 0.018750000000000027
1 0.2578125 0.00781250000000003 0.215625 0.007812500000000028 0.215625 0.037500000000000026 0.2578125 0.03750000000000003
1 0.503125 0.08906250000000007 0.4703125 0.08906250000000007 0.4703125 0.09687500000000007 0.503125 0.09687500000000007