0 0.3296875000000001 0.375 0.22656250000000008 0.375 0.22656250000000008 0.4515625 0.3296875000000001 0.4515625
0 0.4640625 0.4890625 0.3515625000000001 0.4890625 0.3515625000000001 0.6296875 0.4640625 0.6296875
1 0.509375 0.34843750000000007 0.4578125 0.34843750000000007 0.4578125 0.3859375000000001 0.509375 0.3859375000000001
1 0.5796875 0.2578125000000001 0.540625 0.2578125000000001 0.540625 0.2875000000000001 0.5796875 0.2875000000000001
0 0.8265625 0.1359375000000001 0.79375 0.1359375000000001 0.79375 0.1781250000000001 0.8265625 0.1781250000000001
0 0.8328125 0.6296875000000001 0.6796875 0.6296875 0.6796875000000001 0.8265625 0.8328125 0.8265625
0 0.66875 0.06406250000000008 0.63125 0.06406250000000006 0.63125 0.09531250000000008 0.66875 0.09531250000000009
0 0.7953125 0.10937500000000008 0.7609375 0.10937500000000008 0.7609375 0.14218750000000008 0.7953125 0.14218750000000008
0 0.8171875 0.1828125000000001 0.7859375 0.1828125000000001 0.7859375 0.2171875000000001 0.8171875 0.2171875000000001
1 0.6953125 0.10312500000000009 0.6734375 0.10312500000000009 0.6734375 0.11718750000000008 0.6953125 0.11718750000000008
1 0.690625 0.13437500000000008 0.6453125 0.13437500000000008 0.6453125 0.1671875000000001 0.690625 0.1671875000000001