1 0.6625 0.2953125000000001 0.615625 0.2953125000000001 0.615625 0.3390625000000001 0.6625 0.3390625000000001
1 0.6359375 0.2656250000000001 0.59375 0.2656250000000001 0.59375 0.3031250000000001 0.6359375 0.3031250000000001
1 0.63125 0.1859375000000001 0.5828125 0.1859375000000001 0.5828125 0.2328125000000001 0.63125 0.2328125000000001
1 0.54375 0.10312500000000005 0.5078125 0.10312500000000005 0.5078125 0.13593750000000004 0.54375 0.13593750000000004
1 0.465625 0.020312500000000056 0.4421875 0.020312500000000056 0.4421875 0.03593750000000005 0.465625 0.03593750000000005
1 0.5078125 0.02968750000000006 0.490625 0.029687500000000054 0.490625 0.04531250000000006 0.5078125 0.04531250000000007
1 0.4921875 0.006250000000000059 0.46875 0.0062500000000000585 0.46875 0.026562500000000055 0.4921875 0.026562500000000055
1 0.484375 0.021875000000000058 0.4578125 0.021875000000000054 0.4578125 0.04843750000000006 0.484375 0.04843750000000006
0 0.1765625000000001 0.5765625 7.060854201333958e-17 0.5765625 8.878689293818311e-17 0.8734375 0.1765625000000001 0.8734375
0 0.5265625 0.459375 0.3500000000000001 0.459375 0.3500000000000001 0.6109375 0.5265625 0.6109375
0 1 0.3359375000000001 0.884375 0.3359375000000001 0.884375 0.5406250000000001 1 0.5406250000000001