1 0.6515625 0.34843750000000007 0.5671875 0.34843750000000007 0.5671875 0.4140625 0.6515625 0.4140625
0 0.2171875000000001 0.478125 0.04375000000000005 0.478125 0.04375000000000007 0.625 0.2171875000000001 0.625
1 0.728125 0.1062500000000001 0.6890625 0.1062500000000001 0.6890625 0.1296875000000001 0.728125 0.1296875000000001
1 0.6828125 0.22656250000000008 0.621875 0.22656250000000008 0.621875 0.2609375000000001 0.6828125 0.2609375000000001
1 0.721875 0.1625000000000001 0.671875 0.1625000000000001 0.671875 0.1906250000000001 0.721875 0.1906250000000001
0 0.9734375 0.5890625 0.6265625 0.5890625 0.6265625000000001 0.9609375 0.9734375 0.9609375
1 0.625 0.2968750000000001 0.5609375 0.2968750000000001 0.5609375 0.3390625000000001 0.625 0.3390625000000001
1 0.7859375 9.47187758715531e-17 0.7609375 9.318796737261892e-17 0.7609375 0.014062500000000094 0.7859375 0.014062500000000094
1 0.75625 0.01718750000000009 0.734375 0.017187500000000088 0.734375 0.03281250000000009 0.75625 0.03281250000000009
0 0.384375 0.35625000000000007 0.228125 0.35625 0.22812500000000005 0.453125 0.3843750000000001 0.453125
1 0.89375 0.5203125000000001 0.7140625 0.5203125 0.7140625 0.64375 0.89375 0.6437500000000002
1 0.7453125 0.014062500000000089 0.7140625 0.014062500000000089 0.7140625 0.0906250000000001 0.7453125 0.0906250000000001