0 0.509375 0.3984375000000001 0.3703125000000001 0.3984375000000001 0.3703125000000001 0.6203125 0.509375 0.6203125
1 0.5625 0.14375000000000007 0.5171875 0.14375000000000004 0.5171875 0.17187500000000006 0.5625 0.17187500000000008
0 0.2375000000000001 0.6625 0.020312500000000084 0.6625 0.020312500000000094 0.8546875 0.2375000000000001 0.8546875
1 0.5125 0.04375000000000006 0.48125 0.04375000000000005 0.48125 0.06093750000000007 0.5125 0.06093750000000007
0 0.996875 0.2734375000000001 0.8375 0.2734375000000001 0.8375 0.5171875000000001 0.996875 0.5171875000000001
1 0.5171875 0.08281250000000007 0.4734375 0.08281250000000007 0.4734375 0.10468750000000004 0.5171875 0.10468750000000004
1 0.5265625 0.09843750000000007 0.490625 0.09843750000000007 0.490625 0.12187500000000004 0.5265625 0.12187500000000004
1 0.490625 0.03437500000000006 0.45625 0.03437500000000006 0.45625 0.05156250000000007 0.490625 0.05156250000000007
1 0.5453125 0.06093750000000007 0.5046875 0.06093750000000007 0.5046875 0.08125000000000007 0.5453125 0.08125000000000007
1 0.4859375 0.02031250000000006 0.453125 0.020312500000000056 0.453125 0.037500000000000054 0.4859375 0.037500000000000054
1 0.48125 5.711829211648202e-17 0.4515625 5.5300457023997667e-17 0.4515625 0.01562500000000006 0.48125 0.015625000000000062
1 0.4828125 0.009375000000000057 0.4515625 0.009375000000000055 0.4515625 0.02031250000000006 0.4828125 0.02031250000000006