0 1 0.6187500000000001 0.728125 0.6187500000000001 0.7281250000000001 0.975 1 0.975
0 0.6171875000000001 0.5625 0.4390625 0.5625 0.4390625000000001 0.75 0.6171875000000002 0.75
0 0.8578125 0.6687500000000001 0.659375 0.66875 0.659375 0.890625 0.8578125 0.890625
1 0.7359375 0.12500000000000008 0.6953125 0.12500000000000008 0.6953125 0.1468750000000001 0.7359375 0.1468750000000001
1 0.759375 0.06406250000000009 0.725 0.06406250000000009 0.725 0.0828125000000001 0.759375 0.0828125000000001
1 0.690625 0.22812500000000008 0.6359375 0.22812500000000008 0.6359375 0.2609375000000001 0.690625 0.2609375000000001
1 0.6546875 0.2718750000000001 0.5953125 0.2718750000000001 0.5953125 0.30937500000000007 0.6546875 0.30937500000000007
1 0.746875 0.02343750000000009 0.7125 0.02343750000000009 0.7125 0.04687500000000009 0.746875 0.04687500000000009
1 0.734375 0.07968750000000009 0.696875 0.07968750000000009 0.696875 0.09531250000000009 0.734375 0.09531250000000009
1 0.7765625 9.32836429038023e-17 0.746875 9.146580781131795e-17 0.746875 0.021875000000000092 0.7765625 0.021875000000000096
0 0.3984375000000001 0.36718750000000006 0.26250000000000007 0.3671875 0.26250000000000007 0.5171875 0.3984375000000001 0.5171875
1 0.6890625 0.12656250000000008 0.640625 0.12656250000000008 0.640625 0.22031250000000008 0.6890625 0.22031250000000008
1 0.625 0.3296875000000001 0.55625 0.3296875000000001 0.55625 0.4421875 0.625 0.4421875