0 0.93125 0.5437500000000002 0.7515625 0.5437500000000002 0.7515625000000001 0.7406250000000002 0.93125 0.7406250000000002
1 0.615625 0.2500000000000001 0.5796875 0.2500000000000001 0.5796875 0.2921875000000001 0.615625 0.2921875000000001
1 0.7 0.20312500000000008 0.63125 0.20312500000000008 0.63125 0.27031250000000007 0.7 0.27031250000000007
0 0.3765625000000001 0.38281250000000006 0.26250000000000007 0.3828125 0.26250000000000007 0.50625 0.3765625000000001 0.50625
1 0.6703125 0.1312500000000001 0.6390625 0.1312500000000001 0.6390625 0.17187500000000008 0.6703125 0.17187500000000008
1 0.7453125 0.14218750000000008 0.690625 0.14218750000000008 0.690625 0.1750000000000001 0.7453125 0.1750000000000001
1 0.7328125 0.10781250000000009 0.6984375 0.10781250000000009 0.6984375 0.13437500000000008 0.7328125 0.13437500000000008
1 0.7625 0.01562500000000009 0.728125 0.01562500000000009 0.728125 0.034375000000000086 0.7625 0.034375000000000086
1 0.784375 0.0015625000000000938 0.746875 0.0015625000000000916 0.746875 0.018750000000000093 0.784375 0.018750000000000093
1 0.75 0.06406250000000009 0.7046875 0.06406250000000009 0.7046875 0.0906250000000001 0.75 0.0906250000000001
1 0.7234375 0.0828125000000001 0.7015625 0.0828125000000001 0.7015625 0.10781250000000009 0.7234375 0.10781250000000009
1 0.7125 0.0828125000000001 0.68125 0.0828125000000001 0.68125 0.1218750000000001 0.7125 0.1218750000000001