0 0.12031250000000009 0.65625 8.036744619404505e-17 0.65625 9.117878121776777e-17 0.8328125 0.12031250000000009 0.8328125
0 0.5515625 0.384375 0.2828125000000001 0.384375 0.2828125000000001 0.5984375 0.5515625 0.5984375
0 1 0.5328125000000001 0.8875 0.5328125000000001 0.8875 0.6765625000000002 1 0.6765625000000002
1 0.48125 0.41875 0.3906250000000001 0.41875 0.3906250000000001 0.528125 0.48125 0.528125
1 0.6125 0.2687500000000001 0.5578125 0.2687500000000001 0.5578125 0.3312500000000001 0.6125 0.3312500000000001
1 0.6890625 0.2671875000000001 0.628125 0.2671875000000001 0.628125 0.3078125000000001 0.6890625 0.3078125000000001
1 0.6171875 0.17187500000000008 0.5765625 0.17187500000000008 0.5765625 0.2750000000000001 0.6171875 0.2750000000000001
1 0.5703125 0.15468750000000006 0.5234375 0.15468750000000003 0.5234375 0.19843750000000007 0.5703125 0.1984375000000001
1 0.5734375 0.12968750000000007 0.509375 0.12968750000000004 0.509375 0.16093750000000007 0.5734375 0.1609375000000001
1 0.4953125 0.04843750000000006 0.4625 0.04843750000000006 0.4625 0.07187500000000006 0.4953125 0.07187500000000006
1 0.5203125 0.04375000000000006 0.4734375 0.04375000000000005 0.4734375 0.05312500000000007 0.5203125 0.05312500000000007
1 0.5015625 0.02968750000000006 0.4625 0.029687500000000054 0.4625 0.04531250000000006 0.5015625 0.04531250000000007
1 0.4875 5.72139676476654e-17 0.446875 5.472640383689735e-17 0.446875 0.037500000000000054 0.4875 0.037500000000000054