0 0.99375 0.5187500000000002 0.8359375 0.5187500000000002 0.8359375 0.6875000000000002 0.99375 0.6875000000000002
1 0.553125 0.13281250000000006 0.5046875 0.13281250000000006 0.5046875 0.16250000000000006 0.553125 0.1625000000000001
1 0.503125 0.05937500000000007 0.4734375 0.05937500000000007 0.4734375 0.08125000000000007 0.503125 0.08125000000000007
0 0.5328125 0.27968750000000003 0.29375 0.2796875 0.29375000000000007 0.6234375 0.5328125 0.6234375
1 0.496875 0.039062500000000056 0.46875 0.039062500000000056 0.46875 0.06093750000000007 0.496875 0.06093750000000007
1 0.4875 0.017187500000000057 0.4578125 0.017187500000000057 0.4578125 0.03593750000000005 0.4875 0.03593750000000005
1 0.5390625 0.06875000000000006 0.5125 0.06875000000000006 0.5125 0.08750000000000006 0.5390625 0.08750000000000006
1 0.465625 0.004687500000000055 0.4390625 0.0046875000000000545 0.4390625 0.021875000000000054 0.465625 0.021875000000000054
1 0.66875 0.2687500000000001 0.5953125 0.2687500000000001 0.5953125 0.3046875000000001 0.66875 0.3046875000000001
0 0.08437500000000009 0.603125 0.0015625000000000736 0.603125 0.0015625000000000886 0.84375 0.08437500000000012 0.84375
1 0.64375 0.2156250000000001 0.5796875 0.2156250000000001 0.5796875 0.2562500000000001 0.64375 0.2562500000000001
1 0.3765625 0.353125 0.2734375 0.353125 0.27343750000000006 0.4109375 0.3765625000000001 0.4109375
1 0.6296875 0.2234375000000001 0.6109375 0.2234375000000001 0.6109375 0.23593750000000008 0.6296875 0.23593750000000008
1 0.6671875 0.2718750000000001 0.6328125 0.2718750000000001 0.6328125 0.29375000000000007 0.6671875 0.29375000000000007