1 0.728125 0.13437500000000008 0.6828125 0.13437500000000008 0.6828125 0.1593750000000001 0.728125 0.1593750000000001
1 0.65625 0.2656250000000001 0.596875 0.2656250000000001 0.596875 0.3062500000000001 0.65625 0.3062500000000001
0 0.9640625 0.5781250000000002 0.78125 0.5781250000000002 0.7812500000000001 0.7531250000000002 0.9640625 0.7531250000000002
1 0.7609375 0.04375000000000009 0.7203125 0.04375000000000009 0.7203125 0.06250000000000008 0.7609375 0.06250000000000008
1 0.7453125 0.08437500000000009 0.70625 0.08437500000000009 0.70625 0.10468750000000009 0.7453125 0.10468750000000009
1 0.728125 0.10156250000000008 0.68125 0.10156250000000008 0.68125 0.12343750000000009 0.728125 0.12343750000000009
1 0.7578125 0.07031250000000008 0.721875 0.07031250000000008 0.721875 0.08906250000000009 0.7578125 0.08906250000000009
1 0.75 0.025000000000000088 0.721875 0.025000000000000088 0.721875 0.04062500000000009 0.75 0.04062500000000009
1 0.7671875 9.175283440486812e-17 0.73125 8.955229718765019e-17 0.73125 0.012500000000000091 0.7671875 0.012500000000000094
1 0.578125 0.32500000000000007 0.540625 0.32500000000000007 0.540625 0.37187500000000007 0.578125 0.37187500000000007
0 0.03906250000000006 0.41875 5.128208471429541e-17 0.41875 5.673558999174847e-17 0.5078125 0.03906250000000007 0.5078125
0 0.35156250000000006 0.3578125 0.16718750000000004 0.3578125 0.16718750000000007 0.5703125 0.3515625000000001 0.5703125