0 0.13437500000000008 0.4171875 5.109073365192864e-17 0.4171875 6.09453133638175e-17 0.578125 0.13437500000000008 0.578125
0 0.90625 0.5359375000000002 0.7609375 0.5359375000000002 0.7609375 0.6734375000000001 0.90625 0.6734375000000001
0 0.5593750000000001 0.4234375 0.2218750000000001 0.4234375 0.2218750000000001 0.765625 0.5593750000000002 0.765625
1 0.7484375 0.05625000000000009 0.715625 0.05625000000000009 0.715625 0.0750000000000001 0.7484375 0.0750000000000001
1 0.746875 0.034375000000000086 0.7171875 0.034375000000000086 0.7171875 0.050000000000000086 0.746875 0.050000000000000086
1 0.578125 0.3156250000000001 0.5375 0.3156250000000001 0.5375 0.3593750000000001 0.578125 0.3593750000000001
1 0.74375 0.10781250000000009 0.709375 0.10781250000000009 0.709375 0.1312500000000001 0.74375 0.1312500000000001
1 0.715625 0.2250000000000001 0.6546875 0.2250000000000001 0.6546875 0.25468750000000007 0.715625 0.25468750000000007
1 0.6546875 0.2843750000000001 0.6125 0.2843750000000001 0.6125 0.3296875000000001 0.6546875 0.3296875000000001
1 0.725 0.1843750000000001 0.665625 0.1843750000000001 0.665625 0.21250000000000008 0.725 0.21250000000000008
1 0.7890625 0.007812500000000095 0.76875 0.007812500000000094 0.76875 0.018750000000000093 0.7890625 0.018750000000000093
1 0.765625 0.003125000000000093 0.746875 0.0031250000000000917 0.746875 0.01562500000000009 0.765625 0.015625000000000094
1 0.6984375 0.14843750000000008 0.6671875 0.14843750000000008 0.6671875 0.17968750000000008 0.6984375 0.17968750000000008