1 0.709375 0.1828125000000001 0.6625 0.1828125000000001 0.6625 0.21250000000000008 0.709375 0.21250000000000008
1 0.709375 0.0906250000000001 0.684375 0.0906250000000001 0.684375 0.11093750000000009 0.709375 0.11093750000000009
1 0.7328125 0.12343750000000009 0.6875 0.12343750000000009 0.6875 0.1453125000000001 0.7328125 0.1453125000000001
1 0.74375 0.06875000000000009 0.7078125 0.06875000000000009 0.7078125 0.08906250000000009 0.74375 0.08906250000000009
0 0.3968750000000001 0.4046875 0.2250000000000001 0.4046875 0.2250000000000001 0.5578125 0.3968750000000001 0.5578125
1 0.7734375 0.018750000000000093 0.7453125 0.01875000000000009 0.7453125 0.03281250000000009 0.7734375 0.0328125000000001
0 0.825 0.5687500000000001 0.6421875 0.56875 0.6421875000000001 0.7921875 0.825 0.7921875000000002
1 0.771875 0.006250000000000093 0.7390625 0.006250000000000091 0.7390625 0.02031250000000009 0.771875 0.020312500000000094
1 0.65 0.21875000000000008 0.6125 0.21875000000000008 0.6125 0.2484375000000001 0.65 0.2484375000000001
0 0.9984375 0.4078125000000002 0.7578125 0.4078125000000002 0.7578125 0.6890625000000001 0.9984375 0.6890625000000001
0 0.9828125 0.4125000000000002 0.75 0.4125000000000002 0.75 0.6187500000000001 0.9828125 0.6187500000000001