0 0.2718750000000001 0.4703125 0.06093750000000007 0.4703125 0.060937500000000075 0.6734375 0.2718750000000001 0.6734375
0 0.9046875 0.5156250000000002 0.7796875 0.5156250000000002 0.7796875 0.6765625000000002 0.9046875 0.6765625000000002
1 0.8671875 0.4656250000000002 0.7921875 0.4656250000000002 0.7921875 0.5265625000000002 0.8671875 0.5265625000000002
1 0.7671875 0.07343750000000009 0.7296875 0.07343750000000009 0.7296875 0.09375000000000008 0.7671875 0.09375000000000008
1 0.66875 0.2296875000000001 0.6171875 0.2296875000000001 0.6171875 0.2640625000000001 0.66875 0.2640625000000001
1 0.678125 0.1703125000000001 0.63125 0.1703125000000001 0.63125 0.1984375000000001 0.678125 0.1984375000000001
1 0.7765625 9.347499396616907e-17 0.75 9.18485099360515e-17 0.75 0.029687500000000096 0.7765625 0.0296875000000001
1 0.7625 0.02343750000000009 0.73125 0.02343750000000009 0.73125 0.03906250000000009 0.7625 0.03906250000000009
0 0.9984375 0.6890625000000001 0.8734375 0.6890625000000001 0.8734375 0.909375 0.9984375 0.909375
1 0.753125 0.10781250000000009 0.7234375 0.10781250000000009 0.7234375 0.12343750000000009 0.753125 0.12343750000000009
1 0.8125 0.12656250000000008 0.78125 0.12656250000000008 0.78125 0.14843750000000008 0.8125 0.14843750000000008
0 0.37187500000000007 0.4234375 0.2531250000000001 0.4234375 0.2531250000000001 0.496875 0.37187500000000007 0.496875