0 0.540625 0.38281250000000006 0.35625000000000007 0.3828125 0.35625000000000007 0.7 0.540625 0.7
0 0.3218750000000001 0.4625 0.16562500000000005 0.4625 0.16562500000000008 0.6265625 0.3218750000000001 0.6265625
0 0.9046875 0.6250000000000001 0.71875 0.625 0.7187500000000001 0.840625 0.9046875 0.840625
0 0.965625 0.5140625000000002 0.759375 0.5140625000000002 0.759375 0.7078125000000002 0.965625 0.7078125000000002
1 0.609375 0.2531250000000001 0.553125 0.2531250000000001 0.553125 0.2843750000000001 0.609375 0.2843750000000001
1 0.6140625 0.28593750000000007 0.553125 0.28593750000000007 0.553125 0.32500000000000007 0.6140625 0.32500000000000007
1 0.6296875 0.1750000000000001 0.584375 0.1750000000000001 0.584375 0.2015625000000001 0.6296875 0.2015625000000001
1 0.6890625 0.13281250000000008 0.6453125 0.13281250000000008 0.6453125 0.15781250000000008 0.6890625 0.15781250000000008
1 0.7390625 0.05937500000000009 0.6921875 0.05937500000000009 0.6921875 0.0906250000000001 0.7390625 0.0906250000000001
1 0.696875 0.09531250000000009 0.65625 0.09531250000000009 0.65625 0.11875000000000009 0.696875 0.11875000000000009
1 0.7046875 0.16406250000000008 0.6453125 0.16406250000000008 0.6453125 0.19531250000000008 0.7046875 0.19531250000000008