0 0.5625 0.2875000000000001 0.3671875 0.2875000000000001 0.36718750000000006 0.5953125 0.5625 0.5953125
0 1 0.2671875000000001 0.8375 0.2671875000000001 0.8375 0.5156250000000002 1 0.5156250000000002
1 0.5078125 0.048437500000000064 0.4765625 0.04843750000000006 0.4765625 0.06718750000000007 0.5078125 0.06718750000000007
1 0.6765625 0.2718750000000001 0.6171875 0.2718750000000001 0.6171875 0.3375000000000001 0.6765625 0.3375000000000001
1 0.478125 0.003125000000000057 0.4515625 0.0031250000000000557 0.4515625 0.025000000000000057 0.478125 0.025000000000000057
1 0.5265625 0.07656250000000006 0.4890625 0.07656250000000006 0.4890625 0.09531250000000006 0.5265625 0.09531250000000006
1 0.628125 0.31718750000000007 0.5765625 0.31718750000000007 0.5765625 0.3671875000000001 0.628125 0.3671875000000001
1 0.5984375 0.15312500000000007 0.540625 0.15312500000000004 0.540625 0.18906250000000008 0.5984375 0.18906250000000008
0 0.2140625000000001 0.6484375 0.003125000000000079 0.6484375 0.0031250000000000917 0.8453125 0.2140625000000001 0.8453125
1 0.5421875 0.07656250000000006 0.525 0.07656250000000006 0.525 0.09218750000000006 0.5421875 0.09218750000000006
1 0.940625 0.13125000000000012 0.8515625 0.1312500000000001 0.8515625 0.21875000000000008 0.940625 0.21875000000000008
1 0.54375 0.07812500000000007 0.525 0.07812500000000007 0.525 0.15625000000000006 0.54375 0.15625000000000006