1 0.6765625 0.31718750000000007 0.6203125 0.31718750000000007 0.6203125 0.37187500000000007 0.6765625 0.37187500000000007
1 0.6296875 0.2078125000000001 0.6078125 0.2078125000000001 0.6078125 0.2906250000000001 0.6296875 0.2906250000000001
1 0.5640625 0.06718750000000007 0.5140625 0.06718750000000007 0.5140625 0.14062500000000006 0.5640625 0.14062500000000008
1 0.5640625 0.16718750000000007 0.5171875 0.16718750000000004 0.5171875 0.19218750000000007 0.5640625 0.1921875000000001
1 0.5203125 0.03906250000000006 0.484375 0.039062500000000056 0.484375 0.05156250000000007 0.5203125 0.05156250000000007
1 0.521875 0.06093750000000007 0.490625 0.06093750000000007 0.490625 0.07812500000000007 0.521875 0.07812500000000007
1 0.509375 0.02500000000000006 0.4734375 0.025000000000000057 0.4734375 0.040625000000000064 0.509375 0.040625000000000064
1 0.475 0.015625000000000056 0.4578125 0.015625000000000056 0.4578125 0.031250000000000056 0.475 0.031250000000000056
1 0.4671875 0.010937500000000057 0.45 0.010937500000000055 0.45 0.021875000000000054 0.4671875 0.021875000000000054
1 0.48125 5.72139676476654e-17 0.453125 5.5491808086364444e-17 0.453125 0.006250000000000057 0.48125 0.0062500000000000585
0 0.528125 0.484375 0.36406250000000007 0.484375 0.36406250000000007 0.6203125 0.528125 0.6203125
0 0.5921875000000001 0.6015625 0.3921875000000001 0.6015625 0.3921875000000001 0.759375 0.5921875000000002 0.759375
0 1 0.3984375000000001 0.8859375 0.3984375000000001 0.8859375 0.5187500000000002 1 0.5187500000000002
1 0.9546875 0.3937500000000001 0.878125 0.3937500000000001 0.878125 0.4859375000000002 0.9546875 0.4859375000000002
0 0.05625000000000009 0.59375 7.271340369937409e-17 0.59375 8.993499931238375e-17 0.875 0.05625000000000011 0.875