0 0.9875 0.5609375000000002 0.7375 0.5609375000000002 0.7375 0.7828125000000001 0.9875 0.7828125000000001
0 0.896875 0.6468750000000001 0.7015625 0.646875 0.7015625000000001 0.8609375 0.896875 0.8609375
1 0.659375 0.26250000000000007 0.575 0.26250000000000007 0.575 0.30156250000000007 0.659375 0.30156250000000007
1 0.6515625 0.17187500000000008 0.59375 0.17187500000000008 0.59375 0.20312500000000008 0.6515625 0.20312500000000008
1 0.6375 0.1984375000000001 0.58125 0.1984375000000001 0.58125 0.23437500000000008 0.6375 0.23437500000000008
1 0.6578125 0.23437500000000008 0.5953125 0.23437500000000008 0.5953125 0.2640625000000001 0.6578125 0.2640625000000001
1 0.6765625 0.1218750000000001 0.6359375 0.1218750000000001 0.6359375 0.15000000000000008 0.6765625 0.15000000000000008
1 0.678125 0.1062500000000001 0.6390625 0.1062500000000001 0.6390625 0.12500000000000008 0.678125 0.12500000000000008
1 0.690625 0.057812500000000086 0.665625 0.057812500000000086 0.665625 0.08906250000000009 0.690625 0.08906250000000009
1 0.7390625 0.07656250000000009 0.70625 0.07656250000000009 0.70625 0.09687500000000009 0.7390625 0.09687500000000009
1 0.7390625 0.057812500000000086 0.70625 0.057812500000000086 0.70625 0.07968750000000009 0.7390625 0.07968750000000009
1 0.7421875 0.009375000000000088 0.7078125 0.009375000000000086 0.7078125 0.03750000000000009 0.7421875 0.03750000000000009