0 0.1546875000000001 0.65625 8.036744619404505e-17 0.65625 9.223121206078503e-17 0.85 0.1546875000000001 0.85
0 0.6203125 0.51875 0.4171875 0.51875 0.4171875 0.6875 0.6203125 0.6875
0 1 0.5343750000000002 0.871875 0.5343750000000002 0.871875 0.6609375000000002 1 0.6609375000000002
1 0.6640625 0.2000000000000001 0.621875 0.2000000000000001 0.621875 0.32500000000000007 0.6640625 0.32500000000000007
1 0.63125 0.22812500000000008 0.584375 0.22812500000000008 0.584375 0.27031250000000007 0.63125 0.27031250000000007
1 0.584375 0.15468750000000006 0.53125 0.15468750000000003 0.53125 0.18125000000000008 0.584375 0.18125000000000008
1 0.5328125 0.08593750000000007 0.503125 0.08593750000000007 0.503125 0.10625000000000004 0.5328125 0.10625000000000004
1 0.5109375 0.057812500000000065 0.475 0.057812500000000065 0.475 0.07656250000000006 0.5109375 0.07656250000000006
1 0.4640625 5.597018574228137e-17 0.45 5.5109105961630896e-17 0.45 0.03281250000000006 0.4640625 0.03281250000000006
1 0.509375 0.03593750000000006 0.475 0.03593750000000005 0.475 0.06250000000000007 0.509375 0.06250000000000007
1 0.4828125 5.740531871003217e-17 0.4546875 5.568315914873122e-17 0.4546875 0.014062500000000058 0.4828125 0.014062500000000061