0 0.5296875 0.35937500000000006 0.35625 0.359375 0.35625000000000007 0.5671875 0.5296875 0.5671875
1 0.5609375 0.11093750000000006 0.5203125 0.11093750000000005 0.5203125 0.13593750000000007 0.5609375 0.1359375000000001
0 0.4453125000000001 0.4390625 0.2015625000000001 0.4390625 0.2015625000000001 0.803125 0.44531250000000017 0.803125
1 0.6609375 0.2875000000000001 0.5953125 0.2875000000000001 0.5953125 0.3359375000000001 0.6609375 0.3359375000000001
1 0.6078125 0.1359375000000001 0.5546875 0.1359375000000001 0.5546875 0.1671875000000001 0.6078125 0.1671875000000001
1 0.5328125 0.09375000000000007 0.4921875 0.09375000000000007 0.4921875 0.11562500000000005 0.5328125 0.11562500000000005
1 0.578125 0.17500000000000007 0.5265625 0.17500000000000004 0.5265625 0.20468750000000008 0.578125 0.20468750000000008
1 0.596875 0.20468750000000008 0.5484375 0.20468750000000008 0.5484375 0.2390625000000001 0.596875 0.2390625000000001
1 0.4703125 0.009375000000000055 0.4390625 0.009375000000000053 0.4390625 0.025000000000000057 0.4703125 0.025000000000000057
1 0.51875 0.05937500000000007 0.4828125 0.05937500000000007 0.4828125 0.07500000000000007 0.51875 0.07500000000000007
1 0.5125 0.03906250000000006 0.475 0.039062500000000056 0.475 0.05937500000000007 0.5125 0.05937500000000007
1 0.521875 0.07656250000000006 0.4875 0.07656250000000006 0.4875 0.09687500000000007 0.521875 0.09687500000000007
1 0.8421875 0.0109375000000001 0.8015625 0.010937500000000096 0.8015625 0.0437500000000001 0.8421875 0.0437500000000001