1 0.73125 0.1359375000000001 0.6875 0.1359375000000001 0.6875 0.1609375000000001 0.73125 0.1609375000000001
0 0.9515625 0.5140625000000001 0.7203125 0.5140625 0.7203125 0.6859375000000001 0.9515625 0.6859375000000002
1 0.690625 0.2328125000000001 0.6390625 0.2328125000000001 0.6390625 0.2671875000000001 0.690625 0.2671875000000001
0 0.3296875 0.309375 0.07187500000000005 0.309375 0.07187500000000005 0.546875 0.3296875000000001 0.546875
1 0.721875 0.07187500000000009 0.6921875 0.07187500000000009 0.6921875 0.0906250000000001 0.721875 0.0906250000000001
1 0.759375 0.05156250000000009 0.7265625 0.05156250000000009 0.7265625 0.06875000000000009 0.759375 0.06875000000000009
1 0.75625 0.03593750000000009 0.7265625 0.03593750000000009 0.7265625 0.05312500000000009 0.75625 0.05312500000000009
0 0.409375 0.5671875 0.2687500000000001 0.5671875 0.2687500000000001 0.6984375 0.409375 0.6984375
1 0.7140625 0.0828125000000001 0.6796875 0.0828125000000001 0.6796875 0.10156250000000008 0.7140625 0.10156250000000008
1 0.78125 9.357066949735246e-17 0.746875 9.146580781131795e-17 0.746875 0.01718750000000009 0.78125 0.017187500000000095
1 0.696875 0.15625000000000008 0.65 0.15625000000000008 0.65 0.17968750000000008 0.696875 0.17968750000000008
1 0.6078125 0.2562500000000001 0.565625 0.2562500000000001 0.565625 0.37968750000000007 0.6078125 0.37968750000000007