0 0.5265625 0.4375 0.3734375000000001 0.4375 0.3734375000000001 0.621875 0.5265625 0.621875
0 0.1687500000000001 0.6171875 7.558366963487571e-17 0.6171875 9.04133769683007e-17 0.859375 0.1687500000000001 0.859375
0 1 0.4234375000000002 0.88125 0.4234375000000002 0.88125 0.5734375000000002 1 0.5734375000000002
1 0.659375 0.2562500000000001 0.590625 0.2562500000000001 0.590625 0.3187500000000001 0.659375 0.3187500000000001
1 0.5625 0.11562500000000006 0.521875 0.11562500000000005 0.521875 0.14843750000000006 0.5625 0.14843750000000008
1 0.5296875 0.08750000000000006 0.4890625 0.08750000000000006 0.4890625 0.11406250000000004 0.5296875 0.11406250000000004
1 0.521875 0.07031250000000007 0.4921875 0.07031250000000007 0.4921875 0.09062500000000007 0.521875 0.09062500000000007
1 0.521875 0.05468750000000007 0.4859375 0.05468750000000007 0.4859375 0.07343750000000007 0.521875 0.07343750000000007
1 0.490625 0.031250000000000056 0.4578125 0.031250000000000056 0.4578125 0.050000000000000065 0.490625 0.050000000000000065
1 0.4671875 0.014062500000000056 0.434375 0.014062500000000056 0.434375 0.028125000000000056 0.4671875 0.028125000000000056
1 0.49375 0.021875000000000058 0.4515625 0.021875000000000054 0.4515625 0.03281250000000006 0.49375 0.03281250000000006