0 0.3968750000000001 0.40625 0.2656250000000001 0.40625 0.2656250000000001 0.51875 0.3968750000000001 0.51875
1 0.75 0.03125000000000009 0.7203125 0.03125000000000009 0.7203125 0.04843750000000009 0.75 0.04843750000000009
0 0.4984375000000001 0.559375 0.31718750000000007 0.559375 0.31718750000000007 0.7578125 0.4984375000000002 0.7578125
1 0.690625 0.1781250000000001 0.6453125 0.1781250000000001 0.6453125 0.2062500000000001 0.690625 0.2062500000000001
1 0.6921875 0.2171875000000001 0.6375 0.2171875000000001 0.6375 0.2515625000000001 0.6921875 0.2515625000000001
1 0.5984375 0.3109375000000001 0.5328125 0.3109375000000001 0.5328125 0.35625000000000007 0.5984375 0.35625000000000007
1 0.7421875 0.08906250000000009 0.709375 0.08906250000000009 0.709375 0.10937500000000008 0.7421875 0.10937500000000008
1 0.6171875 0.2765625000000001 0.5578125 0.2765625000000001 0.5578125 0.3187500000000001 0.6171875 0.3187500000000001
0 0.88125 0.48437500000000017 0.734375 0.48437500000000017 0.734375 0.6593750000000002 0.88125 0.6593750000000002
1 0.7140625 0.057812500000000086 0.69375 0.057812500000000086 0.69375 0.1281250000000001 0.7140625 0.1281250000000001
0 0.8953125 0.0015625000000001033 0.7921875 0.0015625000000000972 0.7921875 0.1062500000000001 0.8953125 0.1062500000000001