1 0.7015625 0.2718750000000001 0.6390625 0.2718750000000001 0.6390625 0.3234375000000001 0.7015625 0.3234375000000001
1 0.7109375 0.3515625000000001 0.653125 0.3515625000000001 0.653125 0.43125 0.7109375 0.43125
1 0.45625 0.007812500000000054 0.4296875 0.007812500000000052 0.4296875 0.029687500000000054 0.45625 0.029687500000000054
1 0.496875 0.00937500000000006 0.465625 0.009375000000000059 0.465625 0.026562500000000055 0.496875 0.026562500000000055
1 0.471875 5.625721233583154e-17 0.446875 5.472640383689735e-17 0.446875 0.014062500000000056 0.471875 0.014062500000000056
1 0.5671875 0.12031250000000007 0.5078125 0.12031250000000004 0.5078125 0.16406250000000006 0.5671875 0.16406250000000008
1 0.5609375 0.05937500000000007 0.5203125 0.05937500000000007 0.5203125 0.13437500000000008 0.5609375 0.13437500000000008
1 0.5640625 0.16718750000000007 0.5203125 0.16718750000000004 0.5203125 0.19218750000000007 0.5640625 0.1921875000000001
0 0.26250000000000007 0.65625 8.036744619404505e-17 0.65625 9.0987430155401e-17 0.8296875 0.26250000000000007 0.8296875
0 0.575 0.3593750000000001 0.3828125 0.3593750000000001 0.38281250000000006 0.575 0.575 0.575
0 1 0.32500000000000007 0.903125 0.32500000000000007 0.903125 0.5296875000000002 1 0.5296875000000002