1 0.690625 0.3078125000000001 0.63125 0.3078125000000001 0.63125 0.3593750000000001 0.690625 0.3593750000000001
1 0.68125 0.2531250000000001 0.6125 0.2531250000000001 0.6125 0.3062500000000001 0.68125 0.3062500000000001
1 0.6046875 0.1937500000000001 0.5484375 0.1937500000000001 0.5484375 0.2328125000000001 0.6046875 0.2328125000000001
1 0.5984375 0.16250000000000006 0.5296875 0.16250000000000003 0.5296875 0.19687500000000008 0.5984375 0.19687500000000008
1 0.55 0.14218750000000008 0.4984375 0.14218750000000005 0.4984375 0.17187500000000006 0.55 0.17187500000000008
1 0.509375 0.08125000000000007 0.459375 0.08125000000000007 0.459375 0.10468750000000004 0.509375 0.10468750000000004
1 0.4859375 0.03281250000000006 0.4546875 0.03281250000000006 0.4546875 0.05937500000000007 0.4859375 0.05937500000000007
1 0.509375 0.06406250000000006 0.465625 0.06406250000000006 0.465625 0.07968750000000006 0.509375 0.07968750000000006
1 0.478125 0.003125000000000057 0.453125 0.0031250000000000557 0.453125 0.02343750000000006 0.478125 0.023437500000000062
0 0.584375 0.4359375 0.37187500000000007 0.4359375 0.37187500000000007 0.609375 0.584375 0.609375
0 0.946875 0.5312500000000002 0.771875 0.5312500000000002 0.771875 0.7125000000000001 0.946875 0.7125000000000001
0 1 0.3828125000000001 0.86875 0.3828125000000001 0.86875 0.4968750000000002 1 0.4968750000000002