0 0.15937500000000007 0.446875 5.472640383689735e-17 0.446875 6.419828142405267e-17 0.6015625 0.1593750000000001 0.6015625
0 0.5234375000000001 0.5328125 0.2406250000000001 0.5328125 0.2406250000000001 0.7453125 0.5234375000000002 0.7453125
0 0.9546875 0.5109375000000002 0.7546875 0.5109375000000002 0.7546875 0.7109375000000002 0.9546875 0.7109375000000002
1 0.6828125 0.1671875000000001 0.634375 0.1671875000000001 0.634375 0.19531250000000008 0.6828125 0.19531250000000008
1 0.6234375 0.3062500000000001 0.5703125 0.3062500000000001 0.5703125 0.3546875000000001 0.6234375 0.3546875000000001
1 0.64375 0.21250000000000008 0.6234375 0.21250000000000008 0.6234375 0.2906250000000001 0.64375 0.2906250000000001
1 0.7828125 0.007812500000000095 0.7609375 0.007812500000000094 0.7609375 0.021875000000000096 0.7828125 0.021875000000000096
1 0.7578125 0.02656250000000009 0.7359375 0.02656250000000009 0.7359375 0.042187500000000086 0.7578125 0.042187500000000086
1 0.7328125 0.08125000000000009 0.684375 0.08125000000000009 0.684375 0.1515625000000001 0.7328125 0.1515625000000001
1 0.7453125 0.07656250000000009 0.7234375 0.07656250000000009 0.7234375 0.09531250000000009 0.7453125 0.09531250000000009
1 0.775 0.05468750000000009 0.7375 0.05468750000000009 0.7375 0.07031250000000008 0.775 0.07031250000000008
1 0.6515625 0.3671875000000001 0.5453125 0.3671875000000001 0.5453125 0.4265625 0.6515625 0.4265625
1 0.6453125 0.3625000000000001 0.55625 0.3625000000000001 0.55625 0.43125 0.6453125 0.43125
1 0.8046875 0.12656250000000008 0.78125 0.12656250000000008 0.78125 0.1468750000000001 0.8046875 0.1468750000000001
1 0.7765625 0.04218750000000009 0.7375 0.042187500000000086 0.7375 0.05625000000000009 0.7765625 0.05625000000000009